200
22.350000 65.040000
-84.960000 -62.210000
37.520000 60.160000
-21.520000 -30.320000
31.140000 10.410000
-29.530000 93.340000
-92.440000 30.670000
-34.400000 70.390000
-65.240000 -17.260000
3.080000 -60.930000
47.240000 86.410000
45.400000 74.690000
-6.300000 90.240000
52.710000 -10.100000
-56.340000 -96.020000
76.180000 -59.010000
-26.670000 -22.290000
-31.100000 -12.480000
-95.000000 -78.350000
85.280000 -38.000000
97.230000 -6.530000
53.750000 73.660000
-55.190000 6.440000
40.670000 14.260000
-83.770000 63.130000
-84.900000 -97.290000
33.560000 -16.370000
-42.330000 -33.130000
-70.070000 18.860000
32.570000 -4.810000
-29.250000 49.420000
61.190000 3.140000
43.760000 -17.070000
-0.550000 -35.280000
-2.510000 70.060000
0.760000 -48.610000
-43.290000 -68.900000
-44.670000 3.120000
5.090000 58.850000
96.340000 69.890000
1.900000 -27.090000
-75.620000 4.170000
-49.620000 35.740000
26.890000 5.710000
-15.480000 -96.650000
-58.850000 2.450000
82.490000 72.350000
93.460000 68.990000
21.930000 -9.060000
-70.730000 85.180000
25.120000 -47.940000
-93.040000 50.550000
-45.820000 14.910000
-80.920000 0.120000
56.870000 55.810000
-88.320000 7.830000
-29.740000 -59.980000
28.490000 14.800000
-29.290000 -86.930000
-96.230000 63.400000
70.030000 39.160000
67.430000 84.020000
17.340000 -60.000000
-28.750000 -63.440000
33.670000 -85.640000
56.490000 -93.530000
-0.560000 -81.660000
75.390000 50.570000
47.350000 -86.570000
86.890000 -54.760000
-30.890000 62.640000
-78.910000 -58.210000
55.360000 5.570000
79.760000 0.550000
86.090000 -40.770000
-73.230000 62.940000
-37.280000 26.260000
-91.320000 9.050000
1.180000 76.500000
-1.490000 43.050000
-8.650000 10.980000
-11.290000 2.880000
-2.570000 -83.440000
-28.200000 -33.660000
-27.080000 78.290000
29.340000 29.540000
5.020000 60.290000
-87.670000 -83.750000
-49.200000 14.750000
-22.830000 39.660000
-31.580000 98.160000
-78.240000 -46.100000
66.030000 -98.310000
94.470000 -50.430000
-31.230000 46.770000
-41.260000 -26.500000
58.430000 25.190000
-0.860000 78.850000
21.110000 -67.570000
-58.750000 67.910000
-11.780000 55.330000
64.530000 25.720000
-50.230000 9.130000
4.330000 -47.360000
-26.340000 58.270000
-81.620000 97.060000
-19.560000 -50.080000
-75.560000 29.680000
-51.020000 16.870000
49.170000 89.110000
-3.460000 -40.630000
46.260000 -53.010000
-5.320000 -63.580000
44.890000 32.870000
-94.130000 -90.040000
90.340000 11.760000
-75.660000 -34.910000
-18.260000 35.090000
36.690000 -52.670000
-65.850000 -40.330000
66.130000 12.150000
81.040000 98.980000
-61.040000 90.380000
2.810000 15.200000
-7.010000 -2.600000
31.310000 -37.020000
-34.150000 89.810000
-58.100000 -17.420000
98.190000 -55.720000
81.490000 58.210000
-5.050000 -6.530000
-55.080000 -83.050000
19.560000 50.910000
10.590000 25.570000
4.650000 -92.920000
45.630000 -52.660000
93.630000 2.840000
-17.160000 84.810000
-85.660000 36.400000
-4.420000 41.600000
11.230000 57.980000
16.430000 94.030000
-50.750000 -23.590000
-48.430000 22.130000
79.670000 -42.730000
-70.560000 -30.120000
30.250000 88.890000
14.310000 -73.950000
13.400000 65.740000
81.800000 36.090000
-14.230000 67.560000
-95.700000 79.000000
11.830000 14.290000
-72.410000 12.050000
-94.600000 44.290000
74.400000 -24.260000
34.080000 24.700000
-0.330000 -24.370000
50.350000 -43.410000
-61.390000 10.710000
-8.810000 57.210000
-65.040000 29.680000
-79.680000 80.140000
-0.120000 -39.780000
-32.160000 -99.940000
-35.400000 -40.910000
-0.530000 -82.430000
5.310000 -53.260000
-89.630000 -96.660000
-84.630000 -14.780000
78.960000 31.350000
67.800000 -83.840000
-58.990000 -40.210000
-78.420000 -63.680000
76.500000 89.620000
13.870000 -15.640000
-12.420000 -90.800000
-58.120000 -56.780000
21.130000 76.910000
-67.280000 34.640000
38.040000 18.750000
-40.530000 -0.970000
19.460000 -62.660000
20.170000 85.450000
-80.940000 -71.460000
92.460000 -90.270000
-63.090000 97.620000
21.950000 74.760000
-83.870000 21.250000
-99.090000 -73.580000
-67.640000 -92.780000
74.910000 -37.070000
46.860000 36.490000
57.220000 -14.270000
-19.640000 49.360000
-92.650000 36.910000
27.540000 61.610000
-95.020000 -48.390000
94.640000 98.280000
-28.650000 11.330000
