300
-91.390000 -58.470000
54.100000 32.340000
-39.050000 81.730000
-88.990000 -11.320000
-5.070000 -55.880000
31.290000 -4.630000
-72.370000 -92.230000
16.650000 -20.530000
-35.690000 24.350000
-87.320000 -12.170000
-32.450000 46.370000
-66.380000 -2.170000
-9.200000 66.520000
-98.420000 -44.000000
52.570000 -50.040000
-31.050000 -38.750000
56.350000 98.430000
-79.070000 -15.040000
98.010000 -40.450000
36.150000 72.380000
1.740000 71.930000
-34.470000 -91.530000
78.360000 -37.590000
32.230000 -43.970000
72.090000 -61.420000
-92.700000 45.360000
-45.170000 13.070000
15.070000 77.730000
1.980000 34.560000
60.650000 68.740000
-43.020000 96.790000
-58.260000 16.940000
-66.590000 -69.320000
-49.340000 20.860000
91.500000 -34.510000
-79.950000 78.430000
56.340000 64.030000
-9.050000 -69.080000
0.230000 22.610000
68.310000 -54.780000
54.850000 62.030000
91.960000 -59.920000
36.030000 -37.490000
-2.880000 99.990000
-10.100000 42.930000
-85.150000 81.380000
-3.010000 7.610000
-33.190000 -60.840000
-24.890000 -40.790000
65.010000 86.670000
57.580000 50.800000
-94.910000 -7.800000
-2.940000 97.000000
-99.680000 27.870000
-46.650000 68.510000
-27.210000 -92.020000
-59.540000 73.950000
-70.260000 94.700000
-47.930000 -9.940000
49.650000 -23.840000
-3.750000 40.940000
90.330000 -48.850000
-84.670000 50.070000
-33.500000 -34.870000
-24.220000 -48.400000
38.420000 24.030000
-53.340000 -55.440000
-90.460000 27.420000
-52.240000 -28.630000
99.540000 97.260000
-28.890000 15.650000
79.660000 -19.260000
-64.050000 -51.590000
-9.950000 -9.220000
-71.930000 93.880000
15.420000 -78.180000
63.430000 -95.150000
-51.320000 -62.550000
61.340000 50.870000
-79.920000 75.130000
44.550000 -79.370000
-97.780000 22.610000
-55.700000 22.910000
-67.480000 88.170000
11.230000 0.840000
47.820000 -90.710000
-40.900000 -70.700000
-37.680000 38.740000
-34.630000 64.610000
-87.220000 -12.760000
-19.010000 -18.550000
28.050000 -19.330000
38.060000 -34.240000
-17.000000 -88.950000
-90.820000 -46.630000
-52.130000 37.630000
-35.780000 -64.720000
50.270000 41.510000
78.160000 -59.740000
-33.930000 46.400000
-37.100000 11.790000
-15.380000 26.930000
-98.450000 -5.990000
-56.690000 69.960000
-2.190000 -40.670000
6.120000 96.890000
-46.900000 72.890000
25.530000 16.690000
94.820000 0.930000
-58.100000 34.100000
-49.420000 -83.740000
47.700000 -30.060000
-94.570000 18.000000
-20.850000 -59.820000
-39.770000 37.370000
-56.270000 -67.810000
-2.270000 70.080000
1.320000 43.720000
-51.730000 17.530000
-79.930000 -86.870000
-30.430000 -55.450000
-29.400000 -94.900000
-1.110000 -45.460000
64.860000 42.220000
-32.530000 -65.130000
23.960000 -50.600000
88.610000 76.940000
-99.350000 18.190000
73.000000 -54.100000
-9.050000 37.150000
7.290000 34.740000
-6.280000 15.230000
-70.800000 -85.850000
16.180000 41.060000
-40.260000 -7.730000
-16.040000 2.060000
-20.530000 89.580000
75.740000 87.910000
43.640000 -43.070000
12.310000 -46.490000
-36.430000 -93.770000
9.550000 -96.240000
60.650000 42.150000
32.040000 40.150000
-15.080000 -93.890000
-33.280000 -69.130000
40.650000 -77.020000
56.600000 -41.470000
44.400000 -0.380000
91.900000 78.270000
-63.840000 -20.640000
-15.610000 -11.330000
7.800000 -86.920000
22.470000 18.430000
-25.210000 28.470000
-46.580000 46.520000
91.730000 -29.160000
-39.500000 -37.930000
69.960000 -8.620000
41.480000 42.140000
-38.940000 -94.040000
0.980000 56.270000
-49.630000 17.920000
62.690000 -90.280000
29.330000 30.310000
-20.760000 -71.360000
19.460000 -34.560000
-46.650000 -52.840000
29.920000 8.770000
69.210000 -13.900000
61.950000 -26.230000
80.280000 -38.010000
25.850000 72.280000
50.100000 36.120000
-15.770000 -48.930000
14.010000 39.380000
-7.140000 -22.470000
-74.030000 -84.080000
-99.890000 28.370000
47.590000 -54.170000
-42.080000 -13.260000
62.740000 57.860000
54.020000 -82.950000
65.010000 -3.780000
88.430000 -18.470000
-24.740000 -92.000000
-7.870000 -57.140000
1.940000 -91.810000
71.480000 10.940000
-60.070000 26.820000
-12.810000 -39.170000
94.730000 -92.130000
12.440000 19.050000
-19.210000 -7.680000
33.010000 30.750000
18.630000 -82.810000
62.790000 87.060000
25.610000 -8.150000
51.560000 18.560000
43.610000 61.150000
-35.420000 -48.230000
50.690000 -49.600000
-63.390000 -82.260000
55.030000 -44.400000
53.790000 -31.450000
-44.440000 -38.150000
-55.340000 94.990000
-62.870000 81.370000
48.040000 11.870000
63.640000 63.240000
79.880000 -2.670000
-23.880000 -14.520000
-70.390000 8.620000
51.280000 -73.270000
35.820000 -42.180000
93.610000 -99.360000
36.290000 20.780000
94.030000 -21.590000
-37.870000 87.230000
-82.110000 -21.070000
74.420000 2.310000
17.890000 33.620000
46.010000 -35.870000
11.000000 -38.120000
96.050000 -37.530000
-92.130000 -65.020000
-87.730000 66.830000
53.350000 79.410000
-33.070000 84.540000
41.950000 40.320000
-77.990000 90.830000
-75.080000 61.140000
43.770000 -65.110000
47.570000 58.180000
22.640000 -54.040000
-38.880000 96.530000
67.440000 -41.850000
41.940000 -15.090000
-25.110000 -28.910000
-43.770000 -4.560000
14.890000 94.890000
-42.490000 -95.580000
-32.990000 83.250000
-27.230000 -2.660000
47.550000 -13.230000
14.770000 73.870000
89.640000 9.750000
-22.870000 -2.690000
-78.560000 15.140000
-30.170000 -76.270000
28.760000 -85.640000
15.020000 56.580000
-64.570000 -83.740000
84.350000 -21.550000
78.340000 39.300000
-1.280000 60.030000
7.640000 33.760000
80.190000 31.460000
36.330000 -17.990000
-20.720000 48.810000
-90.020000 5.620000
-21.090000 -50.450000
-66.890000 96.150000
-7.840000 -95.820000
30.630000 37.910000
-73.890000 -74.000000
-12.830000 4.650000
54.320000 88.640000
73.700000 -42.570000
96.640000 -20.870000
52.510000 88.770000
59.840000 -15.540000
-13.540000 21.050000
59.960000 -83.020000
60.310000 -26.010000
-25.870000 30.820000
-92.920000 -51.350000
-8.570000 -53.990000
-23.970000 -36.380000
10.970000 -66.790000
-49.760000 -69.580000
-79.950000 24.150000
-10.100000 50.620000
25.030000 -16.250000
-88.660000 -14.590000
8.340000 0.800000
-53.460000 -74.980000
65.620000 -42.980000
-55.650000 -9.490000
-5.750000 61.170000
-39.300000 -22.640000
1.520000 -89.220000
-58.920000 90.890000
17.210000 -98.830000
-57.970000 58.760000
1.020000 66.640000
-53.350000 8.360000
-15.030000 26.060000
32.260000 19.460000
-68.590000 -40.650000
