500
-66.010000 87.550000
8.600000 82.650000
43.750000 -24.850000
61.330000 -72.890000
49.350000 4.370000
-59.710000 42.110000
20.290000 41.220000
67.530000 -21.090000
-27.230000 -93.730000
-32.600000 -5.600000
70.690000 37.470000
-68.640000 36.430000
-25.370000 96.620000
49.800000 44.310000
-34.670000 -23.790000
-65.710000 36.720000
92.980000 47.030000
5.470000 -60.140000
-37.220000 63.820000
-55.100000 -85.940000
-60.500000 1.530000
50.120000 -32.890000
3.900000 7.890000
-61.700000 -63.730000
83.290000 -16.820000
22.090000 14.270000
38.790000 64.780000
-82.260000 -55.300000
46.290000 68.650000
-16.530000 37.560000
77.640000 29.870000
-62.410000 -98.670000
93.430000 47.730000
-18.070000 11.310000
55.550000 77.620000
-77.540000 41.480000
-66.610000 -15.270000
-67.070000 97.460000
-6.500000 81.890000
-29.240000 88.290000
95.360000 -42.870000
-68.840000 47.440000
2.200000 -21.460000
62.120000 -64.300000
43.730000 -16.260000
93.140000 -14.200000
82.840000 56.230000
88.960000 -85.020000
-1.080000 66.210000
-79.010000 99.250000
98.370000 45.960000
-97.710000 -1.500000
-89.890000 -1.680000
80.800000 -62.440000
-93.370000 -83.600000
-21.330000 -23.860000
-24.110000 67.570000
9.100000 89.820000
-55.830000 20.780000
-19.030000 -29.140000
37.510000 -97.880000
-29.730000 -23.180000
-60.690000 -56.940000
34.910000 -70.870000
37.150000 -80.730000
-55.610000 -17.220000
-9.290000 -78.260000
6.320000 50.440000
33.100000 68.050000
11.250000 -43.610000
-79.470000 -65.800000
-68.200000 -20.720000
75.350000 54.220000
-6.400000 -16.580000
5.720000 -53.050000
-94.260000 -34.330000
-98.720000 -64.470000
91.970000 -49.490000
-17.530000 -95.390000
-33.150000 32.820000
-11.060000 58.720000
-80.510000 51.600000
37.350000 54.470000
-1.440000 49.680000
75.430000 51.040000
-88.940000 -22.140000
-71.410000 94.990000
77.800000 73.230000
54.340000 -24.960000
93.700000 -84.810000
61.820000 -8.060000
69.300000 -45.820000
85.440000 48.190000
68.860000 68.040000
80.420000 -72.900000
93.300000 73.560000
-77.870000 69.530000
94.970000 -15.320000
-11.660000 -10.560000
61.260000 76.490000
58.490000 -73.650000
91.100000 -42.110000
-28.720000 -94.990000
-34.150000 33.940000
32.790000 13.390000
48.050000 34.870000
65.590000 -6.130000
35.240000 -53.730000
63.830000 2.570000
57.360000 50.380000
80.530000 56.490000
34.550000 57.720000
-71.620000 -19.950000
-47.980000 5.160000
-8.500000 9.360000
-51.750000 -78.530000
7.720000 -78.780000
29.890000 -50.460000
-22.500000 33.560000
62.810000 42.730000
-38.220000 -61.130000
96.490000 -28.710000
-77.220000 47.070000
55.090000 24.870000
-69.680000 -45.200000
-69.140000 -92.840000
8.300000 34.110000
-35.400000 95.170000
29.830000 -48.460000
71.250000 27.040000
18.280000 93.770000
37.920000 -64.630000
81.930000 76.090000
13.430000 -72.690000
-40.990000 69.530000
96.800000 78.200000
61.660000 42.330000
-64.360000 36.040000
-65.040000 -2.520000
87.290000 -68.090000
-26.130000 28.460000
83.540000 -81.310000
-18.360000 19.960000
29.090000 -35.590000
56.370000 17.650000
37.910000 96.790000
2.010000 -44.270000
89.950000 -13.790000
95.210000 8.590000
-52.260000 -81.550000
80.970000 14.440000
-52.680000 51.510000
-18.370000 80.670000
-9.840000 34.380000
-93.770000 22.190000
43.710000 85.440000
-48.040000 60.960000
-80.550000 13.500000
-22.100000 -81.480000
6.520000 -38.110000
79.330000 -20.690000
-38.750000 -23.870000
-64.690000 -91.200000
-76.000000 46.210000
-66.820000 -42.220000
81.820000 -2.280000
-2.820000 79.030000
-74.590000 35.260000
-81.280000 -20.720000
83.710000 61.290000
88.330000 -46.960000
66.520000 4.090000
58.100000 -93.670000
37.100000 -79.920000
-36.760000 -50.910000
99.320000 -9.640000
86.880000 -95.630000
-86.230000 0.070000
83.530000 -21.540000
57.730000 89.300000
-76.570000 6.530000
51.800000 78.230000
64.240000 -38.290000
5.540000 50.690000
-6.940000 25.430000
53.560000 -3.910000
73.780000 -21.060000
-90.830000 48.230000
-59.220000 90.340000
-12.270000 -55.510000
80.340000 26.310000
-37.340000 -81.300000
-76.320000 94.070000
0.680000 46.980000
-73.660000 -97.740000
4.780000 10.400000
83.170000 23.920000
95.270000 -33.900000
-34.280000 -40.320000
-8.070000 -86.060000
71.640000 -53.170000
36.180000 44.750000
9.950000 36.130000
-0.840000 -41.990000
-27.880000 -56.490000
44.690000 -4.670000
-39.390000 -21.810000
0.280000 59.650000
12.060000 30.730000
17.040000 27.770000
52.330000 56.110000
-36.170000 -13.270000
91.370000 19.680000
35.730000 -85.190000
32.240000 -13.350000
85.600000 45.490000
-43.390000 52.390000
29.870000 -49.650000
66.400000 -70.280000
-58.740000 4.330000
-41.370000 -3.540000
-19.130000 -92.870000
-58.630000 77.150000
49.580000 70.590000
65.430000 31.100000
-97.350000 -83.270000
48.640000 69.410000
77.690000 72.570000
-67.770000 26.680000
-19.480000 85.880000
29.590000 5.870000
41.340000 7.950000
-30.110000 31.590000
8.280000 -10.110000
-21.730000 -84.000000
18.630000 34.430000
90.890000 -59.260000
-55.350000 76.180000
60.530000 57.420000
97.250000 30.520000
-23.630000 88.510000
52.720000 50.210000
78.630000 96.450000
-29.960000 -83.620000
-57.900000 71.980000
-71.500000 -38.620000
72.570000 78.180000
-59.550000 -37.050000
61.810000 46.850000
47.350000 43.120000
13.190000 -28.460000
83.550000 52.510000
15.730000 -22.810000
2.060000 -6.120000
-9.510000 -4.650000
45.940000 -87.320000
-13.330000 -61.060000
-13.350000 73.800000
-68.530000 31.870000
-89.300000 -40.770000
23.440000 94.530000
-15.950000 21.700000
11.680000 60.250000
-48.370000 28.210000
10.490000 94.670000
37.240000 -82.530000
-24.560000 -26.030000
-91.890000 50.280000
78.950000 -56.790000
-97.850000 -45.540000
78.520000 92.820000
-41.010000 95.520000
88.450000 -76.650000
-27.300000 -53.780000
4.950000 -8.180000
-19.160000 61.930000
-10.150000 8.890000
54.800000 72.210000
-31.620000 -80.990000
-21.980000 -26.340000
-70.950000 59.970000
-40.240000 -64.230000
7.110000 23.150000
-80.260000 78.310000
-36.280000 33.000000
-92.650000 21.750000
-98.730000 -79.410000
19.270000 -70.550000
12.990000 -40.340000
-63.570000 3.470000
-6.040000 -0.290000
-40.480000 86.550000
42.450000 74.420000
-38.910000 -14.710000
44.420000 2.920000
-33.210000 71.590000
15.800000 -12.060000
95.210000 -50.990000
-4.970000 -55.370000
-28.260000 -15.910000
34.280000 -37.940000
91.440000 8.020000
-38.750000 28.350000
-3.550000 -48.320000
14.050000 41.760000
-12.750000 -87.630000
-84.480000 -39.230000
62.420000 -12.810000
43.830000 7.390000
-31.230000 -1.860000
-42.320000 -29.150000
75.740000 50.440000
-85.720000 48.700000
15.550000 14.830000
-44.240000 34.290000
-55.280000 3.590000
-96.110000 71.250000
79.830000 -32.590000
42.690000 15.550000
-31.430000 66.320000
70.930000 85.680000
23.340000 52.320000
-65.660000 -34.290000
-46.510000 47.990000
41.640000 -54.520000
-89.110000 72.950000
26.760000 66.370000
-64.070000 -79.920000
15.750000 99.860000
-84.380000 -43.380000
-67.300000 -39.880000
-0.750000 35.010000
21.370000 58.150000
-32.770000 50.160000
-60.900000 -19.170000
38.850000 -69.140000
25.050000 50.510000
-13.290000 -55.000000
62.490000 94.500000
81.380000 97.920000
-56.720000 -25.050000
-65.730000 48.090000
71.990000 -9.640000
-22.680000 14.020000
28.970000 -66.110000
-92.660000 36.510000
8.820000 -67.200000
35.150000 -7.070000
1.970000 -1.580000
-92.540000 -9.050000
48.290000 51.550000
-62.750000 -90.710000
-99.680000 57.760000
-92.170000 39.280000
-58.800000 -60.080000
93.790000 17.670000
-38.940000 -93.380000
20.960000 92.950000
58.540000 -46.070000
-48.690000 -19.410000
22.000000 69.100000
88.600000 76.630000
-88.240000 -88.500000
-81.920000 -72.830000
-86.060000 -51.560000
-71.360000 62.510000
45.500000 -24.940000
-77.150000 29.490000
62.790000 -65.520000
52.480000 -49.820000
65.310000 -74.510000
8.080000 -50.830000
65.610000 67.590000
61.190000 -84.280000
-16.870000 -9.680000
-70.390000 96.440000
86.400000 -39.480000
-35.790000 -17.590000
12.340000 -50.260000
71.410000 46.960000
-44.960000 96.030000
-70.260000 -25.310000
0.640000 -79.820000
-15.940000 -60.880000
59.950000 54.140000
-43.390000 1.650000
12.260000 -96.830000
6.480000 -8.400000
-20.350000 63.230000
62.230000 -59.420000
46.010000 -43.650000
-10.600000 49.150000
1.590000 -0.870000
-59.420000 25.980000
49.550000 79.870000
-61.300000 87.320000
62.850000 97.270000
90.080000 -6.400000
-99.810000 56.610000
-36.900000 80.290000
28.220000 -77.390000
19.730000 -75.260000
-92.940000 68.250000
-92.080000 95.570000
62.300000 38.030000
68.890000 -50.240000
68.830000 60.290000
15.200000 -46.280000
59.810000 44.140000
-13.680000 24.280000
-97.030000 55.610000
82.630000 -68.710000
-69.730000 41.480000
54.100000 -65.870000
-36.180000 4.890000
-86.130000 -57.900000
-33.550000 77.150000
47.510000 -10.070000
91.240000 -2.000000
-99.850000 12.880000
81.280000 86.330000
-71.460000 29.090000
58.490000 5.290000
59.010000 13.470000
-60.310000 93.770000
42.370000 -52.600000
11.590000 23.290000
-13.460000 -25.970000
1.250000 -72.680000
-45.870000 -64.660000
-64.700000 9.340000
69.740000 -64.180000
98.960000 28.120000
25.010000 -81.750000
33.180000 2.230000
94.460000 -84.500000
-56.250000 -4.320000
37.670000 -19.590000
-68.130000 67.220000
-72.710000 -55.560000
91.680000 -58.200000
23.070000 -67.030000
39.800000 -57.180000
24.450000 8.520000
-11.630000 -83.220000
-59.200000 -52.390000
85.130000 32.530000
-13.010000 44.580000
54.340000 -26.120000
-95.450000 41.930000
-53.480000 96.720000
9.500000 31.730000
-5.530000 43.500000
-27.080000 15.400000
3.320000 20.830000
-38.630000 48.780000
16.240000 94.800000
13.130000 -90.900000
86.940000 91.020000
60.200000 -82.500000
-70.970000 97.500000
-4.840000 9.810000
-9.950000 38.700000
-91.260000 -44.790000
20.880000 73.390000
-30.490000 -6.990000
-81.590000 -19.990000
54.170000 18.030000
-60.480000 -12.880000
-86.630000 -7.200000
-86.510000 83.090000
-21.990000 50.230000
-16.970000 19.300000
-93.540000 -14.850000
-21.180000 -22.250000
-17.210000 -86.420000
40.140000 -49.360000
62.420000 -30.090000
49.880000 -2.100000
-17.820000 -14.950000
43.570000 0.380000
-94.710000 91.530000
40.200000 -12.940000
68.320000 -37.660000
32.400000 -61.840000
-38.390000 -23.160000
14.250000 46.120000
-47.990000 -13.970000
-84.490000 -9.940000
-40.980000 -52.110000
97.760000 18.670000
-86.240000 87.660000
-4.780000 -8.420000
-88.860000 99.030000
85.390000 41.650000
-67.530000 54.890000
24.340000 83.640000
-47.720000 67.020000
-63.370000 -60.900000
63.890000 95.510000
