800
30.380000 79.440000
-48.500000 -8.200000
-39.510000 -82.450000
-96.300000 35.680000
76.610000 -50.510000
61.420000 -6.130000
11.070000 -40.990000
-30.160000 -10.220000
64.800000 74.160000
67.960000 -35.460000
-4.100000 66.270000
-80.940000 -47.580000
47.590000 -96.310000
24.220000 -8.790000
-95.820000 32.110000
11.060000 -49.630000
2.580000 34.630000
44.240000 99.120000
60.450000 -93.220000
-33.260000 -59.740000
34.170000 -42.560000
-12.680000 95.930000
-95.850000 -32.210000
-57.140000 16.280000
43.190000 -23.040000
-5.840000 52.850000
67.530000 -82.090000
-81.320000 -2.530000
-94.990000 -43.140000
78.910000 34.070000
-43.310000 96.150000
66.270000 -52.260000
48.490000 8.970000
69.460000 80.180000
21.740000 95.160000
13.750000 -39.400000
-3.870000 -68.130000
51.760000 -80.460000
43.880000 43.080000
73.870000 23.270000
-11.490000 -43.470000
43.110000 32.300000
72.570000 -95.720000
25.990000 -42.570000
-66.780000 -92.340000
-97.850000 -94.230000
-92.820000 -85.630000
9.950000 -97.000000
-6.810000 71.150000
-58.460000 65.020000
-22.610000 -12.460000
39.430000 51.100000
98.950000 24.700000
-68.150000 11.590000
-23.960000 -44.950000
53.130000 -35.700000
-22.360000 36.490000
52.900000 64.430000
11.710000 17.500000
-56.100000 78.850000
95.110000 5.810000
92.180000 -70.780000
42.520000 6.690000
9.080000 22.170000
-21.280000 -50.640000
-6.370000 83.000000
-34.520000 97.680000
0.860000 -63.080000
34.160000 -82.190000
31.110000 -28.980000
74.820000 -70.760000
-90.110000 -35.300000
6.970000 -57.480000
46.050000 14.980000
-9.990000 -3.190000
63.310000 -10.220000
-2.130000 86.260000
70.190000 -63.670000
57.610000 37.480000
56.610000 -72.460000
35.940000 -35.260000
83.840000 13.810000
-21.190000 -93.050000
75.860000 85.460000
-89.090000 -58.600000
10.560000 56.020000
-50.550000 40.640000
-88.220000 -59.110000
-41.940000 3.230000
-74.580000 92.610000
-35.250000 -54.320000
-96.870000 27.220000
63.160000 -99.050000
-32.450000 -26.380000
-95.620000 -8.060000
-90.120000 -1.950000
-8.790000 82.460000
0.570000 -81.720000
60.580000 39.100000
75.900000 6.010000
-73.350000 82.610000
83.550000 69.490000
3.410000 24.810000
25.140000 -11.420000
44.520000 3.200000
99.380000 54.800000
-68.720000 -7.620000
55.640000 -96.120000
-74.390000 30.060000
-97.970000 -36.980000
-51.060000 77.640000
14.620000 -0.700000
97.950000 53.090000
42.940000 -15.850000
2.820000 -66.170000
-54.610000 -4.070000
45.750000 -0.320000
82.560000 -68.960000
68.100000 -76.080000
94.500000 -18.820000
-59.610000 70.740000
-93.620000 96.200000
-87.970000 -33.390000
89.130000 -58.410000
68.480000 90.680000
-22.410000 4.580000
5.380000 43.600000
41.660000 78.120000
9.840000 -63.090000
-53.500000 61.350000
-23.410000 -73.970000
94.810000 56.740000
-20.960000 31.160000
-34.370000 96.110000
35.380000 -33.130000
-40.090000 -73.960000
-69.050000 43.410000
-88.470000 -91.090000
80.420000 -50.010000
57.510000 29.050000
86.340000 -10.140000
-17.750000 42.770000
-80.240000 84.860000
21.900000 60.110000
97.820000 1.160000
-36.090000 83.980000
3.790000 7.420000
7.550000 -77.830000
-23.150000 85.640000
29.450000 -15.610000
-83.160000 -68.090000
-38.030000 17.520000
17.690000 -49.310000
54.430000 82.200000
34.670000 29.300000
98.590000 -58.750000
-74.080000 18.650000
-26.860000 27.900000
-44.420000 3.640000
14.320000 83.720000
-72.690000 -69.290000
83.160000 -86.440000
88.610000 -25.170000
0.760000 -46.440000
59.160000 -9.710000
-52.210000 49.780000
47.980000 -90.760000
89.770000 50.170000
-14.110000 -65.630000
72.970000 48.880000
-96.540000 -50.190000
80.790000 96.830000
98.040000 -87.230000
7.140000 16.240000
-52.920000 57.940000
-39.230000 -5.590000
-4.390000 -60.870000
5.630000 -8.210000
92.870000 53.800000
12.010000 96.810000
-30.180000 69.540000
33.400000 -26.390000
90.710000 86.330000
-47.730000 -66.270000
-94.880000 -20.820000
-10.490000 38.780000
-18.640000 79.560000
92.660000 41.900000
92.160000 42.420000
79.390000 54.560000
22.140000 63.110000
32.220000 77.450000
6.280000 -27.810000
-23.000000 12.880000
69.860000 -37.400000
-74.330000 -19.610000
-48.730000 5.750000
30.540000 -16.550000
22.170000 -63.660000
-46.480000 -13.010000
-10.250000 -51.090000
82.690000 89.930000
-75.210000 12.230000
93.320000 -4.450000
-22.310000 -60.110000
-10.220000 8.870000
26.370000 -25.490000
25.580000 -96.980000
-24.950000 62.200000
-89.190000 15.900000
13.140000 -66.950000
41.850000 -29.700000
-13.400000 -10.800000
26.170000 6.470000
-16.350000 -49.490000
-20.440000 -90.230000
95.960000 -6.740000
67.340000 -13.900000
27.110000 49.210000
47.340000 36.460000
81.080000 66.740000
-4.580000 -83.560000
-7.810000 -67.520000
11.650000 -56.070000
-68.220000 81.870000
30.170000 -56.510000
-4.390000 58.630000
29.570000 15.120000
24.100000 -60.880000
36.580000 62.310000
83.220000 -53.310000
-20.620000 96.430000
-79.450000 65.810000
-44.970000 -93.040000
4.470000 28.300000
85.500000 -10.050000
6.940000 -1.100000
92.700000 1.390000
-63.340000 52.980000
-97.370000 71.460000
35.450000 95.410000
2.780000 95.430000
39.490000 -24.610000
66.740000 -23.170000
-35.210000 -53.190000
-5.760000 57.640000
91.820000 -89.140000
20.240000 -14.960000
-75.590000 60.770000
-64.560000 -69.910000
66.480000 1.390000
50.310000 17.550000
46.510000 82.790000
-17.760000 -48.430000
-96.510000 31.150000
48.960000 66.060000
8.510000 41.630000
-78.100000 -57.180000
-45.990000 17.070000
-23.930000 37.220000
17.310000 -91.770000
-71.060000 -42.720000
3.490000 -60.470000
-96.670000 88.060000
-35.960000 21.460000
-71.360000 -44.400000
-15.850000 31.890000
-83.630000 -12.040000
-17.090000 68.470000
80.220000 82.850000
97.020000 38.780000
-99.320000 -60.470000
38.450000 -78.660000
41.850000 93.800000
-78.780000 -88.290000
-66.680000 37.720000
-34.500000 -76.060000
96.700000 -40.160000
-51.120000 0.260000
9.170000 95.090000
-53.880000 35.110000
-5.790000 48.870000
-46.210000 -1.290000
1.310000 -28.870000
-13.930000 83.850000
-8.890000 72.090000
77.170000 41.910000
52.690000 38.330000
15.780000 2.210000
-53.850000 -53.420000
10.890000 -79.040000
-66.740000 -85.180000
-81.350000 -11.940000
17.230000 -36.540000
72.160000 -10.180000
-19.420000 -16.020000
-83.770000 22.420000
51.420000 -44.420000
-27.670000 -16.660000
11.240000 99.520000
35.730000 -46.030000
27.610000 41.450000
-39.400000 80.370000
-95.970000 -50.650000
6.050000 -49.870000
-85.780000 -33.750000
-42.110000 66.500000
72.080000 -70.230000
40.500000 86.460000
63.090000 90.560000
-73.200000 -2.310000
-22.490000 22.410000
-12.270000 55.890000
4.390000 83.650000
31.150000 72.440000
-84.260000 -24.550000
-95.800000 -97.590000
31.910000 -20.240000
-80.270000 77.560000
69.950000 97.410000
-90.180000 53.410000
22.500000 72.240000
-35.920000 55.110000
94.830000 32.500000
-0.190000 -19.540000
-37.860000 -99.460000
73.540000 -50.480000
-99.730000 67.610000
-62.570000 15.630000
85.630000 -67.010000
96.560000 87.970000
37.060000 79.820000
-23.300000 92.870000
-46.860000 -99.950000
-23.010000 -64.670000
50.030000 -47.540000
71.600000 13.510000
-53.520000 -93.340000
-71.810000 -36.160000
49.710000 -99.160000
85.960000 21.540000
-32.810000 41.310000
-36.520000 44.780000
-60.330000 37.620000
-24.360000 77.900000
-15.180000 18.980000
57.500000 96.000000
57.630000 -41.140000
-98.880000 78.960000
41.260000 -97.250000
63.240000 56.980000
-65.760000 -69.490000
54.800000 -85.140000
39.450000 22.790000
52.610000 -7.170000
55.060000 -89.240000
-69.240000 -4.790000
69.380000 47.120000
-20.360000 -2.690000
-69.860000 -94.170000
-57.620000 -38.220000
96.460000 53.400000
42.090000 -88.530000
93.900000 68.560000
-84.730000 -90.330000
78.200000 5.770000
-52.360000 88.850000
-73.720000 38.620000
-95.990000 -8.130000
5.290000 64.920000
57.020000 -90.840000
80.900000 -63.840000
-2.000000 -38.220000
-40.460000 -13.150000
63.060000 -8.850000
11.420000 25.780000
80.590000 21.210000
46.580000 6.850000
15.330000 -33.000000
65.420000 68.140000
15.560000 0.820000
-52.030000 -12.810000
48.960000 -71.930000
-54.560000 24.040000
0.570000 -91.820000
71.800000 -77.260000
-44.340000 -24.720000
25.070000 63.810000
90.490000 3.970000
-82.260000 95.710000
-10.010000 -51.260000
29.280000 37.870000
-59.410000 13.060000
35.240000 -94.210000
72.650000 -76.140000
20.170000 -88.950000
47.760000 -78.840000
-78.120000 29.100000
94.770000 -21.420000
-42.010000 19.880000
83.690000 85.950000
86.640000 -66.780000
42.200000 -18.930000
-85.980000 3.530000
39.080000 -86.800000
42.640000 66.190000
-43.490000 91.320000
35.620000 -56.860000
11.100000 -7.080000
62.700000 62.820000
26.160000 -72.000000
51.120000 -14.930000
21.480000 1.960000
9.770000 48.340000
74.430000 40.080000
-34.310000 35.100000
46.490000 97.190000
-22.010000 -73.690000
32.440000 7.050000
-39.570000 33.990000
-13.790000 -48.190000
-68.770000 67.200000
50.800000 -71.370000
-65.790000 38.060000
7.450000 -0.340000
-94.680000 59.170000
93.540000 -76.700000
-8.150000 97.580000
14.030000 10.580000
82.300000 75.100000
-42.630000 80.170000
-98.530000 -39.890000
31.060000 -72.860000
-7.260000 83.940000
55.930000 -32.290000
-76.450000 69.790000
-90.390000 -4.400000
-16.150000 50.270000
-19.390000 60.300000
22.100000 55.860000
73.720000 98.390000
14.590000 -80.370000
-62.450000 65.330000
-53.340000 15.220000
28.740000 2.340000
-8.210000 42.150000
-6.210000 -41.030000
-90.030000 36.430000
-32.720000 43.840000
-83.550000 20.280000
36.460000 -69.000000
-88.200000 -27.740000
92.400000 -16.310000
-49.190000 -16.570000
-96.980000 98.630000
-69.630000 7.420000
27.470000 85.140000
13.250000 -26.530000
13.570000 3.920000
-22.660000 -68.230000
-54.920000 -98.030000
68.530000 -96.740000
-25.980000 -71.740000
98.710000 16.880000
57.300000 -54.590000
50.740000 -35.770000
-65.400000 -80.480000
52.660000 95.200000
-41.980000 -68.320000
10.140000 -90.310000
-45.200000 -50.350000
-42.450000 -80.020000
2.570000 -80.310000
36.060000 -31.410000
-60.900000 34.230000
95.160000 -79.620000
95.260000 59.100000
46.590000 -25.730000
88.460000 74.980000
86.610000 -42.860000
91.630000 64.660000
65.220000 -5.190000
-77.490000 -90.290000
44.400000 -88.960000
-84.440000 -48.420000
-92.530000 95.190000
-58.660000 -2.960000
-92.230000 -93.010000
89.320000 54.730000
64.410000 -85.070000
-37.880000 0.820000
92.110000 -65.900000
71.960000 -44.690000
-11.940000 -83.600000
89.450000 -3.800000
78.210000 34.120000
-33.540000 90.950000
-92.420000 -2.350000
-99.520000 -6.590000
46.820000 -64.470000
12.270000 99.290000
48.900000 34.000000
1.750000 -67.500000
-93.200000 -1.990000
-61.670000 44.910000
60.080000 4.550000
-46.580000 -43.870000
-48.740000 -58.550000
-44.240000 45.940000
-51.490000 -54.390000
-97.000000 -78.320000
89.730000 -23.330000
44.610000 70.710000
-2.340000 -15.170000
-81.570000 64.390000
-66.830000 47.770000
-77.220000 -54.920000
70.390000 -18.870000
-55.710000 81.690000
-13.750000 48.560000
27.440000 35.420000
26.070000 -73.510000
13.750000 -52.900000
81.410000 18.810000
82.880000 -14.060000
-64.630000 -59.220000
54.800000 63.580000
62.730000 -97.640000
81.750000 6.280000
-67.020000 -61.410000
-30.970000 -72.930000
-11.040000 -86.420000
-28.670000 5.230000
-12.960000 89.800000
-23.210000 20.940000
-94.370000 35.290000
81.210000 89.290000
-75.000000 8.760000
83.570000 6.160000
41.540000 95.830000
95.940000 -23.890000
88.080000 -66.310000
42.200000 -87.690000
-10.650000 -67.240000
69.240000 -0.810000
61.700000 27.180000
-93.580000 -53.050000
-80.260000 86.050000
95.830000 8.680000
-21.970000 -5.220000
-53.130000 94.680000
55.630000 -54.100000
-63.180000 -58.740000
6.620000 72.790000
-2.920000 15.640000
58.690000 48.250000
-57.600000 81.850000
16.880000 -26.950000
-77.510000 5.830000
-82.900000 6.360000
65.560000 -20.300000
53.140000 59.290000
-10.610000 -84.740000
-32.500000 41.130000
44.770000 -73.840000
49.110000 -68.000000
89.720000 -62.120000
-43.050000 5.060000
32.850000 -51.190000
-14.790000 8.780000
-53.750000 -44.110000
58.260000 -6.030000
-51.190000 -22.050000
-83.310000 -88.800000
-55.530000 -16.180000
96.000000 -62.280000
-16.220000 -91.290000
14.440000 69.940000
-16.850000 -18.240000
10.240000 -50.910000
98.000000 -33.030000
-78.760000 77.090000
-15.070000 41.440000
1.490000 90.680000
-68.980000 -92.900000
-81.680000 -36.890000
56.410000 -53.660000
-10.980000 -36.110000
-72.750000 3.260000
-8.260000 -87.340000
-52.420000 90.780000
-71.680000 -80.090000
-35.480000 60.670000
14.210000 -97.250000
65.190000 1.550000
-87.360000 54.190000
-82.090000 -74.850000
43.150000 89.250000
-91.980000 87.010000
22.180000 1.500000
70.860000 -7.640000
-44.860000 86.370000
61.690000 -38.580000
50.170000 -49.140000
-30.750000 -12.080000
-95.420000 -99.490000
7.430000 -0.030000
13.910000 49.040000
88.840000 73.650000
-89.040000 31.560000
48.440000 -76.570000
20.520000 47.850000
87.060000 -84.070000
83.400000 62.160000
49.320000 -4.720000
58.490000 -86.530000
24.190000 41.240000
-19.130000 2.130000
-18.280000 -3.880000
-45.090000 40.840000
-57.500000 -25.550000
-30.910000 16.510000
-78.620000 89.120000
-50.460000 48.690000
8.210000 64.520000
2.500000 55.260000
-34.010000 50.960000
47.580000 45.130000
82.590000 -45.250000
-59.230000 18.630000
-62.330000 -71.360000
8.090000 -83.100000
-30.670000 59.580000
46.240000 31.510000
41.150000 58.860000
27.230000 48.490000
-34.170000 -57.010000
58.850000 -97.510000
24.600000 24.520000
50.870000 -64.140000
-43.910000 37.550000
54.250000 12.080000
14.490000 -71.040000
-96.030000 -61.830000
-3.670000 -7.740000
19.890000 -36.190000
-31.830000 94.840000
-27.510000 -10.250000
34.010000 70.800000
32.950000 -21.940000
-2.580000 -95.360000
58.400000 43.420000
-46.770000 -82.910000
7.900000 -4.080000
23.870000 -90.080000
-8.230000 38.950000
44.320000 -89.300000
64.700000 67.240000
22.950000 -40.730000
-26.690000 21.930000
94.860000 -7.120000
-48.550000 94.640000
34.050000 63.150000
-6.960000 25.730000
28.530000 -55.310000
-4.000000 54.770000
-39.360000 91.610000
82.320000 -54.490000
63.340000 -92.280000
-75.890000 21.490000
33.980000 30.500000
-5.430000 17.700000
38.640000 13.370000
65.200000 33.630000
-70.020000 75.190000
-1.060000 8.260000
38.120000 -67.960000
69.400000 -54.400000
-33.350000 -68.330000
-54.680000 -39.350000
47.540000 -72.400000
88.840000 84.890000
38.970000 42.840000
-8.220000 82.250000
87.260000 -16.930000
-52.750000 0.520000
30.710000 59.110000
38.230000 29.620000
63.040000 77.970000
-22.530000 -49.880000
-25.670000 -35.270000
-42.940000 -95.070000
73.160000 58.050000
70.520000 -90.870000
72.070000 54.600000
16.730000 9.140000
-74.890000 -17.920000
-10.770000 -42.380000
93.770000 -15.250000
-99.760000 62.420000
81.990000 28.790000
-58.120000 -23.050000
-36.740000 -53.600000
-55.420000 -41.810000
54.290000 73.170000
26.180000 22.780000
-93.990000 18.940000
-57.480000 -6.810000
-45.930000 26.190000
72.520000 -17.350000
-88.680000 92.940000
83.510000 55.390000
38.780000 32.210000
41.660000 -52.340000
-88.520000 -32.250000
-89.940000 91.460000
-38.620000 -4.600000
81.290000 -96.510000
61.640000 25.520000
92.540000 -28.700000
34.190000 36.970000
-76.650000 -71.760000
67.890000 -77.020000
-79.300000 -12.040000
-49.010000 81.980000
-81.280000 91.740000
13.050000 82.070000
-87.230000 54.400000
-54.370000 -17.380000
17.600000 -11.360000
39.090000 -51.290000
75.030000 74.050000
-62.230000 53.970000
58.850000 -63.680000
-47.730000 32.290000
82.550000 -32.600000
-34.960000 44.360000
-88.480000 -8.950000
-32.470000 -71.930000
24.380000 23.160000
84.210000 -11.400000
-21.340000 44.110000
81.910000 -36.780000
86.570000 39.980000
91.080000 45.810000
86.340000 -76.680000
-72.270000 -52.420000
-51.080000 26.000000
-48.450000 -10.430000
-89.180000 -83.710000
35.730000 -83.760000
-48.810000 -16.050000
-14.500000 93.160000
-44.550000 -77.050000
95.820000 33.160000
-51.180000 75.650000
-63.920000 -19.210000
-8.670000 -87.820000
-55.260000 -79.920000
-51.360000 93.700000
-86.400000 -50.170000
58.790000 -77.850000
-52.910000 -49.940000
87.990000 54.580000
99.590000 81.190000
59.840000 80.510000
22.580000 81.480000
8.140000 87.280000
79.460000 -72.890000
94.240000 6.900000
-31.810000 80.600000
-81.610000 80.610000
-71.480000 3.170000
19.620000 99.630000
47.760000 -7.680000
-39.020000 -35.300000
-14.100000 69.480000
-54.340000 -21.040000
-27.070000 98.640000
40.060000 7.100000
37.690000 -57.420000
-30.000000 -12.660000
1.900000 23.200000
-23.050000 -94.790000
-72.510000 9.650000
-52.560000 -38.710000
47.030000 -6.990000
45.240000 38.560000
39.120000 -16.230000
72.630000 -33.930000
64.440000 -90.880000
-24.690000 -36.060000
3.870000 51.840000
28.910000 -37.280000
-28.400000 -3.060000
-23.760000 -74.090000
-18.220000 -77.810000
-83.670000 13.470000
70.820000 82.680000
96.460000 -55.680000
