1000
40.690000 -86.110000
-2.980000 3.400000
62.590000 -44.120000
-57.000000 52.860000
41.060000 -85.260000
61.200000 -78.640000
-25.910000 29.760000
74.930000 -7.020000
-66.550000 95.500000
46.530000 -88.360000
-39.810000 75.250000
-57.780000 -4.930000
72.460000 73.670000
-18.080000 47.360000
-50.520000 -33.270000
-3.500000 -61.820000
52.740000 -5.360000
-98.590000 -3.080000
44.390000 -38.540000
90.450000 -86.840000
48.790000 96.510000
-37.150000 -5.480000
78.920000 -4.490000
62.320000 6.320000
19.660000 50.150000
-33.620000 -63.250000
70.530000 83.800000
69.690000 56.300000
90.020000 -19.790000
-82.730000 -68.160000
-12.810000 40.040000
78.800000 25.910000
65.490000 48.300000
-47.830000 -0.990000
55.560000 18.460000
36.960000 -70.110000
-39.910000 96.420000
62.360000 -75.010000
-52.420000 -60.970000
48.520000 -50.950000
-3.320000 -46.700000
-68.450000 -0.980000
-79.320000 -97.930000
-31.380000 -78.830000
-92.830000 43.590000
92.680000 42.200000
-41.560000 83.890000
7.970000 5.270000
-81.300000 8.530000
35.540000 -16.880000
82.750000 68.510000
62.450000 0.350000
85.520000 -77.720000
-63.820000 48.340000
-81.190000 -91.790000
7.000000 -68.280000
33.810000 21.610000
15.940000 21.840000
-58.220000 -55.650000
-75.480000 -41.620000
95.000000 -33.640000
-7.150000 -13.020000
-85.350000 -96.900000
-11.580000 -25.220000
-74.170000 51.310000
-0.270000 68.640000
-61.750000 -26.130000
-47.540000 -98.690000
-58.780000 -29.350000
-23.800000 73.830000
-3.560000 -17.920000
-30.070000 49.350000
-79.820000 52.940000
92.010000 -11.270000
-92.770000 72.680000
89.300000 28.010000
-75.720000 -81.980000
-30.120000 -13.160000
-2.320000 42.530000
50.370000 -18.170000
97.090000 -17.770000
-13.670000 14.310000
-20.580000 -52.900000
31.590000 -70.670000
-72.600000 7.250000
-57.360000 47.090000
19.910000 -43.160000
18.350000 -36.500000
-56.390000 -71.030000
-96.030000 82.670000
59.770000 -24.300000
-69.820000 95.930000
40.790000 -6.120000
-3.700000 47.140000
48.510000 81.840000
86.340000 93.550000
-23.240000 -34.400000
-16.320000 -7.560000
-38.720000 -92.920000
-33.890000 98.010000
-60.430000 -73.340000
96.750000 -48.090000
4.380000 58.980000
31.770000 77.790000
87.490000 18.570000
31.660000 18.230000
54.340000 10.060000
-87.630000 -6.780000
7.040000 98.200000
50.880000 -86.080000
45.960000 -81.740000
44.580000 -25.060000
-36.860000 -63.420000
-14.490000 -89.100000
68.520000 81.900000
14.650000 42.620000
12.640000 20.010000
-20.390000 -64.510000
-80.010000 28.720000
-11.140000 -15.250000
-22.410000 71.380000
87.200000 85.740000
-68.600000 99.280000
-19.900000 -47.170000
12.180000 -19.760000
44.380000 66.650000
30.660000 68.680000
21.710000 -25.500000
-39.060000 14.000000
82.360000 -58.110000
65.100000 -42.280000
92.420000 -66.660000
87.050000 24.390000
52.370000 -73.110000
14.660000 46.860000
-81.890000 39.950000
-33.930000 -66.890000
-23.090000 25.180000
-88.160000 16.570000
4.380000 51.260000
-14.590000 -79.900000
-8.660000 -58.850000
-20.970000 53.810000
48.390000 -28.800000
23.050000 84.840000
11.380000 80.940000
9.910000 64.060000
-84.430000 -62.770000
19.680000 -10.720000
58.990000 -18.200000
-70.840000 83.550000
37.090000 -59.900000
-11.140000 57.690000
73.200000 60.620000
60.970000 74.740000
-87.830000 -53.640000
-57.820000 26.670000
-53.830000 89.700000
22.300000 97.570000
16.720000 18.620000
71.460000 99.420000
-23.400000 -26.030000
92.370000 54.180000
-44.660000 53.850000
93.890000 -94.100000
-38.830000 52.700000
67.420000 -79.170000
-73.060000 -16.270000
61.150000 -70.990000
12.600000 16.900000
65.460000 43.920000
53.080000 98.710000
-25.020000 -48.250000
17.900000 97.860000
-29.590000 32.850000
-62.840000 28.480000
76.990000 29.460000
-65.980000 -18.820000
-85.130000 99.170000
-62.690000 6.100000
-56.760000 34.270000
34.940000 98.830000
1.320000 67.710000
-77.270000 -61.050000
49.850000 -51.760000
22.840000 -30.980000
26.360000 79.500000
78.260000 -38.390000
-38.000000 54.710000
-1.940000 32.800000
-19.780000 -92.020000
-34.380000 40.130000
-71.090000 33.110000
30.700000 12.030000
-23.710000 49.850000
-5.530000 -64.320000
56.140000 18.360000
-93.410000 27.080000
51.450000 17.270000
-16.060000 -52.420000
48.500000 4.470000
-73.190000 92.050000
92.600000 -77.090000
-6.030000 -66.770000
72.890000 0.510000
75.850000 98.700000
-13.040000 -73.000000
-95.140000 -79.910000
76.760000 -37.340000
50.140000 -47.380000
71.340000 -58.450000
10.770000 -8.030000
-39.090000 66.020000
94.890000 -61.790000
47.330000 58.250000
7.250000 10.700000
87.970000 -44.030000
-21.310000 43.210000
43.830000 -25.830000
-58.820000 -24.760000
-98.700000 -26.620000
58.260000 -78.240000
30.210000 39.940000
33.730000 86.180000
-95.330000 2.510000
21.980000 -83.230000
51.610000 -64.840000
86.840000 30.510000
-8.390000 -73.200000
68.210000 15.350000
37.010000 -13.510000
-40.490000 -65.920000
65.040000 3.750000
-73.470000 15.560000
-39.160000 95.640000
50.060000 -85.820000
-4.460000 54.840000
-34.830000 45.370000
-27.710000 -56.270000
-27.490000 -72.340000
-17.290000 -42.650000
32.550000 -43.830000
62.360000 -81.710000
-47.030000 53.700000
-69.570000 -35.720000
11.330000 80.450000
33.020000 98.640000
87.470000 -55.760000
-79.120000 19.210000
-90.480000 85.430000
16.300000 -31.720000
-64.120000 67.880000
15.820000 36.790000
91.230000 68.040000
-97.460000 42.500000
-40.840000 52.090000
39.500000 99.810000
53.390000 79.180000
31.840000 -22.330000
-98.940000 72.290000
-14.820000 -73.090000
-88.370000 75.970000
50.870000 11.860000
3.290000 82.230000
-7.720000 -24.150000
12.960000 20.490000
97.520000 -17.560000
7.390000 -88.690000
83.380000 -3.540000
-28.800000 68.050000
-53.860000 58.670000
31.480000 -80.890000
17.240000 49.690000
-2.700000 -5.190000
-97.530000 40.410000
-66.980000 -63.900000
-86.100000 67.410000
15.470000 12.120000
-75.160000 -18.660000
27.390000 3.140000
83.270000 69.460000
7.720000 72.490000
2.270000 28.260000
88.580000 -67.410000
-60.260000 60.540000
-33.640000 83.450000
29.500000 72.010000
91.000000 26.540000
-0.700000 31.730000
-82.140000 33.900000
83.750000 91.810000
26.490000 -85.300000
45.310000 -89.850000
11.470000 73.950000
-98.030000 -65.970000
-18.260000 -52.720000
16.880000 -67.110000
-33.280000 34.550000
-53.650000 69.390000
91.350000 -97.710000
42.300000 -29.200000
27.340000 -4.050000
-83.020000 92.980000
-16.110000 91.500000
-1.480000 -31.680000
-38.070000 25.680000
-19.220000 84.360000
49.040000 98.330000
-52.810000 -22.130000
-78.470000 4.970000
-79.200000 62.110000
81.420000 -37.610000
59.030000 -29.380000
59.670000 -56.730000
-56.790000 64.870000
-29.070000 -34.190000
-60.900000 26.720000
43.780000 68.750000
-59.300000 -15.320000
24.920000 -52.190000
-45.670000 50.130000
8.950000 -89.650000
-57.610000 -49.930000
-60.990000 -80.010000
36.980000 48.530000
-29.890000 -28.990000
94.300000 46.390000
-67.530000 -96.570000
-67.510000 5.430000
-93.150000 -65.930000
-66.210000 -65.470000
47.810000 -17.930000
95.910000 -64.450000
53.490000 91.270000
74.220000 -56.810000
-14.460000 -88.290000
-38.420000 -98.830000
57.840000 85.100000
-99.700000 7.750000
15.720000 -86.960000
-43.460000 68.730000
16.490000 -13.850000
83.620000 27.080000
-25.570000 36.160000
98.060000 75.100000
-51.810000 -24.200000
49.310000 -68.310000
-47.780000 -98.840000
38.030000 14.410000
14.080000 98.720000
-35.910000 -40.090000
-48.150000 61.190000
40.000000 -65.000000
-54.980000 7.710000
-88.050000 -52.130000
1.120000 -51.490000
1.550000 -40.120000
-95.170000 0.650000
89.130000 51.250000
-0.070000 12.650000
-69.530000 70.620000
81.990000 -54.060000
53.520000 30.900000
85.530000 41.630000
-13.300000 -59.840000
81.550000 -7.970000
62.730000 53.240000
29.420000 -85.720000
83.000000 52.070000
-99.860000 15.610000
34.340000 66.970000
25.380000 66.160000
-68.680000 -43.370000
76.770000 -31.350000
79.680000 52.590000
-75.870000 -58.580000
39.920000 -89.370000
-80.920000 -16.920000
-45.910000 -65.300000
-24.080000 13.740000
-71.520000 -18.850000
77.570000 91.960000
-0.150000 -62.750000
-32.480000 -58.340000
-66.840000 -61.400000
90.110000 -44.440000
21.570000 61.610000
73.270000 -7.380000
15.020000 25.440000
-10.980000 23.730000
58.600000 54.710000
70.270000 -68.090000
34.110000 -71.610000
-89.860000 -41.800000
44.980000 60.710000
3.150000 -45.830000
-67.710000 -88.450000
15.870000 23.170000
-13.130000 85.100000
-56.590000 18.740000
77.070000 -27.020000
70.510000 30.100000
-19.150000 69.630000
96.750000 -80.130000
91.690000 -57.760000
-50.290000 78.370000
0.860000 87.830000
-27.360000 -93.310000
-96.890000 74.770000
5.400000 -63.150000
12.280000 32.480000
51.540000 41.200000
55.160000 -28.900000
-83.300000 50.100000
-66.380000 -70.580000
29.630000 -34.850000
31.330000 42.880000
-49.340000 47.730000
16.190000 56.860000
98.130000 -27.280000
-26.810000 56.460000
-26.900000 97.520000
-37.270000 13.410000
-67.040000 -36.320000
-76.030000 -63.260000
80.310000 -51.840000
73.620000 39.050000
-81.460000 -29.480000
42.500000 -94.320000
15.070000 24.200000
-35.250000 65.460000
-51.560000 2.070000
-74.660000 -30.180000
60.370000 -68.140000
47.700000 59.320000
-43.310000 7.280000
39.880000 5.080000
-8.590000 22.080000
-18.820000 -51.210000
-94.450000 -60.720000
-94.560000 43.920000
-83.110000 90.350000
-43.740000 56.530000
-9.180000 -49.320000
14.370000 60.210000
91.240000 -44.740000
56.180000 -85.840000
6.060000 -92.890000
-53.490000 -83.110000
-81.360000 84.860000
-72.990000 19.050000
-25.470000 85.840000
81.130000 29.020000
-15.660000 89.940000
-79.680000 13.210000
83.150000 77.800000
3.410000 72.590000
-93.690000 31.030000
24.710000 46.900000
-9.180000 35.440000
-50.250000 -21.510000
-77.370000 -11.560000
64.010000 -86.550000
-91.200000 49.740000
-98.860000 58.440000
-35.430000 -4.670000
-89.630000 -77.810000
84.020000 5.000000
-54.600000 25.740000
90.700000 90.780000
-26.380000 9.350000
-23.760000 -21.790000
13.910000 4.720000
-41.170000 -13.320000
-29.080000 -69.810000
-30.550000 56.270000
-28.170000 -50.830000
-88.400000 -73.020000
9.050000 -7.570000
-22.490000 -41.240000
-15.600000 -4.120000
-4.900000 79.500000
25.480000 -12.280000
-81.710000 -78.730000
-46.720000 38.530000
8.730000 4.400000
88.930000 57.260000
2.760000 -86.800000
12.690000 70.000000
-18.230000 57.740000
88.470000 -73.730000
-12.210000 97.230000
-38.330000 45.320000
41.220000 14.410000
24.540000 -81.540000
96.170000 55.080000
-84.730000 -31.520000
17.970000 87.320000
-59.810000 66.140000
80.350000 -1.470000
36.520000 -40.770000
-82.360000 50.290000
-18.780000 -28.300000
47.650000 -82.800000
81.580000 94.070000
-86.300000 -36.420000
91.620000 83.220000
86.300000 53.320000
55.200000 92.700000
-96.940000 -51.980000
77.230000 68.110000
69.210000 17.180000
53.480000 -20.300000
-14.070000 -28.890000
-79.970000 33.900000
24.330000 90.290000
-57.300000 73.470000
23.920000 -50.790000
-8.060000 -7.410000
39.250000 -61.020000
47.220000 -66.540000
14.510000 -21.690000
47.270000 34.950000
-62.620000 -5.480000
-67.110000 20.100000
77.850000 -22.520000
27.800000 88.130000
5.090000 -79.010000
-0.300000 90.390000
0.760000 -96.390000
78.050000 15.540000
-28.900000 -69.780000
-2.230000 -9.640000
83.660000 27.850000
12.360000 -38.180000
-69.450000 55.490000
50.600000 4.580000
-34.180000 12.870000
-2.570000 -66.850000
9.140000 -25.760000
78.710000 -7.450000
-91.010000 -44.950000
98.290000 -37.920000
-96.580000 -28.850000
-30.390000 -34.410000
51.700000 56.150000
1.950000 -16.210000
-87.670000 -73.990000
46.310000 -39.860000
-30.540000 -40.470000
-5.990000 69.920000
48.500000 41.770000
-29.500000 -30.310000
21.930000 -58.500000
99.490000 11.840000
6.410000 68.490000
-34.260000 19.740000
-90.860000 -77.420000
-23.380000 -82.430000
6.900000 -59.760000
68.730000 65.630000
99.440000 -99.640000
10.940000 -61.220000
40.470000 91.970000
97.450000 59.830000
28.280000 -60.470000
44.740000 25.600000
-49.360000 -56.930000
-24.420000 -95.620000
85.120000 18.090000
-5.480000 -12.510000
-21.490000 39.860000
-22.350000 89.450000
98.280000 -73.940000
-96.720000 -82.690000
-16.310000 -10.400000
-43.080000 -29.960000
-92.170000 55.130000
53.340000 -28.930000
9.810000 84.360000
-58.450000 71.600000
70.370000 -9.780000
-3.200000 -80.610000
45.530000 -2.370000
48.350000 12.060000
69.600000 1.780000
-79.870000 32.390000
49.640000 -4.780000
19.010000 41.500000
-2.410000 -28.420000
93.130000 -38.650000
-16.510000 -48.460000
45.490000 20.050000
79.900000 73.460000
5.040000 -82.920000
-59.810000 58.750000
-17.870000 45.270000
-94.380000 -21.270000
20.130000 63.100000
-28.990000 20.870000
-30.090000 15.570000
7.150000 69.040000
91.180000 10.210000
45.260000 54.810000
67.230000 -64.070000
23.220000 47.730000
-12.940000 -62.870000
37.540000 2.020000
9.900000 -58.290000
97.280000 15.980000
-71.240000 -92.510000
76.050000 -57.910000
-20.670000 -76.590000
-88.850000 -36.480000
-72.390000 79.040000
-33.420000 62.370000
40.680000 -27.160000
32.260000 -9.140000
59.170000 -84.410000
13.860000 22.110000
53.710000 -2.190000
31.510000 -29.020000
85.340000 13.340000
56.730000 -67.050000
-31.440000 -17.910000
81.720000 -40.730000
84.930000 -19.020000
14.650000 -24.870000
62.280000 -55.400000
-55.720000 65.800000
-7.770000 67.600000
-56.660000 87.820000
37.260000 6.650000
-21.160000 -13.760000
76.490000 92.870000
69.160000 54.520000
34.500000 -13.700000
59.840000 -30.460000
-14.050000 49.030000
74.100000 79.790000
-83.290000 -85.020000
-48.950000 -33.230000
-35.330000 85.640000
24.200000 -24.900000
-8.110000 71.700000
21.270000 27.830000
-95.350000 -69.670000
35.710000 -23.100000
-81.580000 24.220000
-62.670000 -86.520000
48.680000 -39.960000
-27.590000 69.040000
23.560000 44.880000
40.660000 -23.270000
37.800000 17.160000
75.420000 -88.600000
-48.150000 -10.900000
-33.420000 77.710000
38.410000 79.220000
-34.510000 11.910000
91.690000 27.980000
-12.420000 -9.600000
-38.810000 87.440000
-16.220000 22.310000
53.980000 -19.480000
25.370000 -8.250000
52.200000 -29.990000
76.690000 -71.670000
-43.150000 -65.450000
-96.480000 8.620000
-47.170000 68.510000
-97.290000 82.880000
97.210000 0.150000
4.270000 43.610000
-1.550000 -15.270000
-86.790000 18.270000
32.530000 51.650000
-82.500000 83.080000
-95.870000 1.780000
70.520000 -71.070000
92.190000 -94.760000
-10.220000 -70.600000
-59.800000 -23.070000
37.740000 49.320000
15.460000 -19.890000
97.250000 4.190000
71.980000 -26.850000
58.950000 39.970000
-12.900000 -9.570000
71.390000 60.400000
-17.590000 -11.700000
-16.440000 -57.330000
99.840000 -59.040000
80.820000 37.350000
-17.580000 77.090000
28.830000 -79.300000
-76.560000 98.140000
83.580000 51.420000
-5.770000 73.800000
75.570000 -85.280000
95.710000 47.130000
28.180000 -62.510000
3.860000 51.650000
47.010000 -44.230000
15.930000 91.640000
49.350000 36.720000
-64.040000 56.170000
-32.350000 -30.020000
65.100000 48.940000
73.920000 -47.890000
-60.170000 -54.300000
37.010000 -88.030000
-65.530000 62.750000
-82.430000 -95.050000
-3.840000 12.480000
31.520000 -78.620000
-14.740000 -19.220000
56.210000 99.180000
14.120000 -74.170000
-93.590000 84.940000
97.600000 84.260000
-62.490000 -16.370000
84.210000 -9.890000
18.930000 -34.960000
72.530000 43.540000
50.990000 40.420000
-80.160000 73.990000
-1.310000 17.790000
23.340000 -41.370000
-13.670000 33.340000
-80.670000 88.290000
-4.140000 7.480000
22.070000 -13.270000
-52.360000 5.390000
35.250000 -73.650000
-34.860000 -8.690000
91.320000 -9.130000
-36.610000 -53.250000
-79.650000 -51.100000
-88.280000 -67.580000
-41.150000 -78.280000
-3.330000 -39.960000
40.940000 -80.510000
-12.690000 59.180000
-13.120000 -26.630000
-28.900000 -20.060000
71.520000 -64.480000
33.400000 -69.670000
-27.860000 -36.670000
-93.080000 47.840000
31.480000 48.600000
11.300000 -99.070000
18.200000 91.150000
0.950000 -12.910000
71.950000 -92.210000
-58.820000 58.190000
-88.520000 16.270000
72.560000 -2.210000
-58.020000 31.080000
98.740000 4.430000
-16.080000 30.280000
-23.470000 26.780000
-35.590000 40.620000
57.720000 66.800000
26.730000 -97.850000
93.310000 -10.070000
10.930000 -88.040000
75.920000 -77.280000
96.690000 -26.180000
97.860000 -8.600000
16.290000 98.790000
85.810000 4.590000
-15.320000 37.780000
31.780000 83.800000
-15.880000 -55.620000
35.640000 24.400000
-44.350000 86.220000
-55.870000 94.730000
-74.730000 -76.000000
-23.110000 10.420000
7.050000 34.280000
-43.240000 4.740000
13.030000 -93.030000
39.680000 16.780000
5.440000 -89.550000
-51.330000 59.310000
32.870000 65.300000
-68.610000 -89.990000
-13.630000 -6.540000
-40.320000 -90.330000
-36.390000 65.910000
-20.090000 71.520000
30.150000 45.370000
-44.750000 -56.470000
-57.690000 -47.820000
15.440000 -30.420000
13.900000 7.790000
69.250000 -71.980000
-49.900000 67.200000
21.200000 -36.440000
-19.080000 99.360000
-79.990000 -22.800000
-24.540000 -83.240000
25.660000 76.470000
-10.980000 79.060000
-27.440000 -21.820000
8.280000 44.140000
-8.140000 -18.180000
79.140000 86.220000
39.730000 43.480000
-40.360000 61.630000
-25.020000 -69.080000
-62.270000 -95.040000
-52.990000 27.060000
-82.900000 -59.230000
95.070000 -97.250000
5.870000 53.310000
-22.610000 -93.250000
-16.390000 37.920000
-24.060000 -70.120000
-67.950000 23.470000
95.830000 -67.910000
-16.670000 28.160000
-61.640000 -55.330000
37.450000 -31.760000
-19.800000 24.300000
-25.310000 -8.030000
-35.210000 -73.640000
-67.100000 88.870000
30.440000 -68.020000
-36.260000 -94.990000
-13.060000 51.290000
-56.110000 73.440000
13.040000 -50.990000
81.050000 69.240000
65.180000 5.370000
16.870000 -97.270000
-33.930000 -37.770000
78.430000 -21.280000
15.320000 91.450000
-41.870000 22.840000
16.160000 90.630000
41.490000 -25.370000
-39.500000 -87.670000
37.220000 66.690000
-26.070000 -31.880000
-68.770000 27.040000
-68.810000 86.420000
47.970000 -24.190000
-32.990000 -10.460000
1.780000 -31.890000
-6.790000 25.620000
-48.080000 28.830000
-6.220000 -11.060000
-70.040000 -8.690000
25.900000 -52.680000
-37.730000 -22.110000
35.860000 86.330000
-12.490000 41.070000
-31.710000 46.760000
87.720000 -42.930000
88.060000 -11.260000
45.490000 88.750000
33.420000 48.270000
-86.190000 80.690000
75.540000 36.250000
9.960000 -75.940000
-61.380000 86.410000
90.560000 -72.180000
-54.710000 99.720000
74.650000 -62.690000
22.230000 -56.670000
33.360000 -82.410000
35.120000 38.760000
-76.730000 -28.070000
93.060000 -23.040000
27.340000 86.210000
-79.750000 98.420000
-83.050000 -33.890000
-5.020000 -75.260000
51.560000 -56.750000
-67.000000 14.890000
45.460000 98.400000
11.190000 -25.620000
59.780000 53.780000
7.580000 32.660000
74.350000 -65.770000
0.130000 7.460000
-18.890000 -76.560000
86.100000 -35.200000
-96.270000 -76.780000
40.850000 -44.190000
-57.980000 66.530000
-95.220000 31.500000
69.450000 -26.600000
11.300000 36.840000
-80.750000 54.800000
19.160000 29.060000
-38.110000 -27.280000
-0.690000 -9.140000
-74.110000 56.700000
1.350000 -37.740000
-85.840000 -67.020000
66.380000 32.050000
-79.650000 -31.210000
-75.360000 -6.690000
77.640000 72.440000
-27.400000 52.500000
-72.860000 18.080000
94.880000 -24.410000
32.780000 -90.200000
82.550000 91.030000
-62.380000 59.890000
64.930000 31.920000
-20.900000 52.410000
-21.010000 20.130000
-92.120000 -74.250000
-10.200000 17.620000
85.430000 -59.270000
34.990000 -90.170000
-22.120000 81.200000
-99.590000 36.720000
76.700000 -41.720000
-63.850000 -76.720000
86.080000 53.130000
-44.640000 -69.060000
68.000000 90.810000
31.410000 29.360000
4.810000 84.600000
64.150000 -88.680000
89.540000 -42.400000
-97.500000 77.330000
54.940000 -24.600000
53.700000 -86.620000
45.460000 -6.680000
-84.520000 -24.910000
28.500000 88.680000
-9.770000 -88.710000
-40.240000 -96.080000
-69.770000 64.360000
-71.670000 -27.130000
14.890000 -68.780000
60.420000 29.030000
-47.110000 -44.240000
58.490000 34.250000
91.280000 -89.760000
50.080000 47.400000
56.300000 -34.950000
55.710000 -7.100000
-50.440000 -32.600000
-66.930000 -46.200000
-17.190000 -26.010000
-42.140000 89.510000
-4.500000 39.730000
55.930000 4.820000
-12.940000 -71.450000
8.120000 -1.690000
-50.600000 69.960000
-81.430000 22.340000
82.890000 -15.310000
93.430000 7.930000
14.770000 33.290000
97.320000 -1.700000
17.730000 -45.210000
-12.670000 -5.720000
-98.460000 -12.520000
-47.940000 65.170000
-65.190000 28.290000
79.090000 -5.580000
-2.120000 -35.880000
-15.370000 -4.540000
18.910000 25.180000
-94.630000 79.570000
33.030000 69.320000
8.870000 28.810000
-49.650000 48.440000
-20.800000 90.170000
-68.820000 -44.310000
-4.150000 -25.740000
-16.330000 -10.700000
99.990000 39.970000
13.030000 32.180000
98.740000 -16.050000
19.420000 45.590000
12.660000 -36.300000
-58.360000 98.180000
13.440000 -95.700000
-30.460000 -18.380000
-39.090000 -22.490000
1.750000 -18.150000
48.320000 73.560000
-7.050000 -48.220000
68.360000 98.440000
-97.060000 87.180000
-42.420000 11.470000
51.070000 15.620000
88.060000 -80.420000
-97.530000 -20.640000
-51.750000 32.420000
-37.720000 -36.710000
