1000
-17.360000 25.220000
12.650000 72.540000
10.460000 -40.700000
-8.170000 80.710000
-79.550000 -19.440000
-68.350000 -91.690000
-12.840000 -22.230000
-25.500000 -64.410000
33.210000 -93.220000
45.350000 -31.640000
57.020000 -33.850000
-61.370000 18.320000
38.470000 81.770000
-6.300000 -56.810000
-43.280000 -69.030000
-36.120000 -75.310000
-22.700000 68.660000
34.820000 -35.630000
9.600000 -28.010000
1.910000 91.120000
53.780000 42.860000
-98.440000 -87.710000
-32.750000 -37.770000
-28.830000 59.490000
19.940000 81.150000
-97.240000 12.970000
8.500000 -83.180000
30.090000 75.010000
16.630000 -47.400000
45.400000 -66.540000
-65.770000 -64.350000
8.310000 -61.460000
-5.520000 -54.040000
95.330000 61.010000
-16.400000 -82.080000
80.540000 88.390000
67.260000 30.350000
67.130000 -32.750000
-40.040000 -79.440000
-24.830000 15.550000
0.460000 -87.950000
73.810000 87.630000
-26.490000 73.590000
11.800000 41.870000
-36.920000 -20.900000
-24.230000 0.620000
30.930000 78.110000
40.400000 45.590000
67.810000 -13.650000
29.610000 -51.160000
-50.540000 -60.970000
10.000000 -49.470000
6.630000 -43.680000
-92.130000 11.060000
50.070000 -92.230000
-31.640000 2.050000
-8.000000 -31.740000
22.770000 80.090000
-78.770000 34.460000
-30.320000 -40.590000
-5.940000 1.470000
8.320000 66.300000
-75.950000 22.050000
26.290000 82.590000
97.450000 13.770000
-61.170000 40.050000
16.870000 -60.280000
10.870000 24.320000
39.950000 -11.080000
-39.330000 -86.970000
67.830000 -33.740000
-34.790000 -41.990000
42.270000 -90.620000
63.220000 -35.160000
-6.630000 28.830000
89.880000 -30.530000
83.870000 73.810000
-62.040000 32.730000
73.080000 -78.170000
85.540000 -30.040000
99.300000 -24.760000
-84.260000 51.460000
21.120000 38.770000
25.050000 -60.070000
45.680000 -50.750000
-77.640000 58.500000
-44.300000 72.330000
40.060000 30.670000
87.410000 89.880000
74.050000 2.020000
22.900000 -50.580000
62.500000 16.120000
-32.580000 -22.260000
39.180000 -10.250000
43.400000 13.470000
18.600000 54.060000
3.750000 83.810000
-20.090000 -23.100000
-53.340000 64.350000
-34.690000 -81.300000
77.810000 20.060000
55.900000 38.600000
-29.150000 90.930000
84.590000 55.270000
70.300000 88.750000
14.350000 18.210000
13.440000 71.940000
-75.810000 7.910000
-74.840000 -48.460000
35.720000 -81.760000
84.190000 70.400000
2.900000 68.260000
-16.760000 -10.500000
-95.940000 91.320000
-50.800000 69.140000
33.320000 84.550000
-61.220000 -63.420000
-89.400000 -43.980000
-31.070000 51.210000
3.520000 52.190000
-2.510000 -70.520000
-53.630000 -3.870000
97.510000 -89.510000
86.830000 32.330000
23.600000 42.010000
83.390000 68.770000
88.290000 35.500000
29.700000 -82.710000
-44.100000 -66.700000
-67.000000 69.300000
-18.360000 -40.230000
-73.050000 -60.720000
62.050000 0.890000
-94.970000 -80.020000
-33.480000 78.070000
-61.850000 51.600000
-9.210000 53.700000
66.670000 93.610000
34.960000 19.890000
-20.660000 -16.240000
38.550000 -61.940000
-91.380000 -12.290000
11.060000 57.080000
-7.010000 69.280000
-10.670000 -97.490000
-18.490000 90.080000
99.590000 88.080000
-89.370000 -77.730000
1.280000 -75.670000
10.930000 -78.530000
69.600000 22.840000
46.970000 27.870000
56.190000 -60.570000
64.130000 90.840000
55.640000 31.400000
48.210000 19.850000
77.670000 -49.580000
96.890000 -27.750000
28.760000 -41.140000
37.250000 80.210000
59.830000 65.390000
-67.150000 15.060000
-13.440000 2.600000
-40.840000 -52.830000
-88.810000 84.060000
-37.660000 -15.710000
98.550000 75.770000
-67.910000 -23.770000
34.720000 48.730000
50.230000 88.070000
3.330000 -72.470000
-73.870000 -31.070000
-2.180000 54.430000
-22.720000 53.930000
-3.370000 10.140000
-47.340000 31.290000
-42.530000 -73.050000
-69.480000 -87.910000
-69.040000 -3.840000
93.140000 -72.840000
-74.960000 -38.130000
-63.200000 -84.450000
-94.390000 23.760000
-56.690000 -73.130000
7.260000 92.720000
55.380000 -47.110000
-55.620000 -23.080000
14.890000 -86.040000
80.660000 50.440000
-38.490000 3.550000
-89.010000 78.920000
-20.030000 38.630000
-34.010000 75.650000
-33.210000 72.280000
-35.670000 -30.900000
-43.740000 -91.950000
44.390000 94.840000
46.070000 30.080000
79.520000 82.980000
61.460000 19.640000
21.640000 -66.680000
-50.690000 56.360000
-66.340000 54.050000
33.230000 -40.900000
-4.580000 75.430000
-22.590000 -87.710000
-50.140000 4.530000
-76.350000 73.140000
83.150000 12.600000
57.000000 -58.870000
-46.890000 -9.690000
-91.580000 33.030000
9.860000 26.240000
10.350000 4.550000
-35.690000 41.990000
52.790000 -13.440000
-80.500000 91.990000
-71.650000 -8.590000
72.980000 -60.000000
22.940000 -96.140000
-39.380000 55.540000
-24.250000 -59.640000
4.290000 -33.510000
87.900000 -27.650000
94.200000 -81.480000
66.400000 37.180000
-9.950000 -40.540000
26.100000 -6.890000
-17.470000 48.720000
-35.320000 -64.550000
-96.290000 23.460000
50.960000 -28.600000
-56.010000 33.860000
-5.430000 80.320000
-34.090000 -39.330000
56.370000 -17.800000
-52.010000 -48.350000
-56.170000 -25.620000
42.730000 12.030000
-83.860000 28.910000
-40.600000 -6.800000
29.900000 -97.460000
31.390000 95.670000
-4.750000 -93.140000
-66.130000 40.890000
-39.980000 -12.290000
-0.360000 -35.490000
-51.340000 -49.550000
23.770000 81.600000
19.920000 -79.650000
-38.920000 -39.000000
-19.090000 -67.940000
-21.640000 -68.690000
-35.460000 -99.520000
-21.370000 -20.710000
-28.740000 -48.870000
57.090000 -6.940000
33.440000 -24.440000
56.160000 82.520000
89.660000 79.140000
44.490000 -61.130000
76.260000 -43.060000
49.250000 56.240000
-42.620000 -51.490000
-50.750000 -72.410000
33.820000 91.210000
-67.970000 -60.430000
37.950000 -61.240000
5.540000 -96.030000
-25.090000 26.580000
38.110000 -96.440000
76.540000 -94.040000
95.570000 -95.260000
-25.250000 -92.170000
-30.960000 -81.780000
23.890000 -39.500000
80.790000 -66.220000
-66.350000 17.300000
-69.800000 -60.140000
48.510000 -32.620000
-92.710000 26.170000
36.460000 -77.280000
-14.500000 47.240000
-37.520000 74.680000
72.060000 91.060000
-97.630000 69.320000
-1.730000 -15.860000
20.230000 23.710000
43.450000 -64.810000
52.880000 37.490000
-47.780000 31.630000
84.200000 -8.530000
-82.560000 -92.070000
61.550000 -52.420000
-56.250000 -0.610000
18.630000 56.100000
-80.840000 74.870000
-79.570000 22.970000
-74.200000 -86.900000
32.870000 -13.050000
15.540000 -29.140000
0.420000 -37.900000
73.230000 -1.520000
94.430000 90.830000
-23.060000 -6.460000
99.280000 -22.980000
11.630000 -95.440000
-19.550000 41.610000
-64.790000 -54.950000
84.450000 72.500000
-92.300000 61.790000
-72.220000 -14.900000
69.460000 -17.250000
2.420000 -67.300000
-10.670000 -48.440000
89.590000 -15.940000
-8.890000 -10.530000
69.830000 -88.420000
62.770000 -23.830000
78.870000 83.130000
75.000000 99.020000
-86.130000 -88.650000
70.880000 32.460000
39.680000 75.240000
37.480000 -77.870000
41.150000 -93.640000
-88.580000 -53.320000
-89.330000 -81.680000
35.730000 -93.190000
-28.470000 2.100000
56.950000 -35.820000
-54.690000 -13.450000
75.590000 -17.910000
99.210000 87.530000
10.850000 -48.940000
-51.800000 10.390000
19.530000 -14.750000
-17.300000 -22.240000
15.790000 -43.210000
46.230000 20.210000
-8.400000 -75.570000
-39.210000 66.840000
66.100000 86.480000
83.070000 -62.730000
-87.840000 -24.670000
6.140000 -71.860000
24.370000 -0.800000
44.150000 -53.390000
-45.690000 -80.950000
99.680000 -16.600000
-7.080000 -20.650000
-14.360000 -82.250000
-58.620000 -71.090000
-33.940000 21.130000
-59.930000 80.680000
2.170000 2.790000
-59.590000 23.890000
-91.190000 72.380000
-86.770000 -6.670000
24.820000 -23.450000
3.930000 73.210000
-9.180000 -13.200000
-47.570000 -41.330000
-47.310000 -59.500000
23.790000 -83.150000
-88.040000 98.730000
48.700000 -84.790000
-18.710000 66.500000
-51.810000 -49.670000
97.840000 -92.580000
69.190000 -45.250000
-61.950000 -34.910000
88.800000 -43.070000
-82.880000 41.040000
42.540000 -83.750000
-91.700000 -13.570000
-38.440000 23.930000
46.880000 -48.950000
-25.130000 70.220000
95.500000 -76.970000
-77.300000 67.940000
11.160000 -59.690000
-96.400000 -69.960000
71.970000 35.290000
-96.480000 90.610000
-55.200000 37.250000
-90.750000 -29.240000
-2.510000 -43.710000
0.170000 85.460000
34.510000 32.320000
-84.840000 -10.070000
37.930000 26.910000
77.700000 35.440000
-31.190000 -51.870000
-90.080000 -15.840000
52.330000 55.010000
-42.090000 90.930000
25.240000 94.590000
56.730000 -10.880000
21.500000 -72.350000
96.520000 40.330000
-74.770000 80.030000
-16.610000 80.470000
80.010000 -70.350000
38.770000 -90.770000
37.520000 6.820000
-16.300000 89.330000
87.750000 8.510000
49.900000 -72.330000
-49.230000 -69.330000
14.660000 -59.300000
-78.280000 -64.030000
9.250000 53.330000
-70.460000 -14.100000
45.120000 2.040000
-60.400000 60.740000
-27.270000 40.430000
29.610000 -42.860000
-33.430000 -52.780000
-11.860000 52.460000
-13.440000 60.800000
-7.500000 -33.010000
-4.380000 35.550000
-99.820000 -39.350000
-94.660000 37.710000
64.690000 -18.480000
-65.010000 -41.910000
-70.620000 -58.180000
-76.400000 35.820000
24.960000 35.680000
83.770000 72.470000
48.800000 -43.560000
-43.170000 -35.730000
20.870000 93.710000
40.140000 58.610000
-79.110000 -29.310000
-90.560000 97.560000
-29.620000 -98.680000
-95.510000 27.110000
-76.920000 -75.340000
98.940000 -41.600000
-23.930000 89.120000
-26.080000 -93.800000
91.480000 12.210000
-14.360000 -75.810000
-22.180000 -86.780000
16.270000 9.310000
-16.360000 -28.060000
58.630000 -71.090000
-89.860000 21.910000
-7.710000 15.190000
-68.610000 7.090000
30.070000 -15.190000
-22.360000 84.960000
6.360000 71.470000
52.980000 27.850000
-47.530000 93.060000
50.350000 6.130000
2.730000 -13.430000
-16.430000 -32.870000
-73.700000 4.460000
-54.560000 -23.040000
-26.730000 -65.610000
52.160000 67.270000
-99.960000 -67.120000
-49.010000 -47.760000
-36.550000 82.310000
28.390000 25.470000
-93.920000 -85.110000
98.260000 -63.210000
-88.320000 59.760000
14.100000 -41.900000
44.640000 -70.070000
-6.580000 -72.460000
96.190000 73.390000
-14.130000 23.460000
66.270000 56.590000
25.530000 67.560000
70.860000 -62.110000
99.230000 -82.340000
62.180000 46.680000
15.150000 50.390000
79.380000 -7.820000
5.490000 -25.870000
53.110000 20.000000
-41.790000 -56.030000
6.400000 -35.700000
6.250000 -47.760000
68.240000 42.080000
59.060000 58.490000
78.720000 78.920000
8.670000 -48.090000
-3.500000 -46.000000
32.200000 -15.880000
-9.670000 8.750000
1.670000 34.400000
37.720000 21.070000
81.130000 50.160000
-60.810000 -19.970000
-55.640000 -39.920000
52.760000 69.350000
-24.740000 82.760000
47.140000 -30.780000
41.880000 84.370000
-2.540000 -76.210000
55.570000 -97.790000
-45.680000 61.000000
-43.020000 -2.040000
-5.720000 31.610000
-71.030000 3.420000
-19.460000 -56.830000
17.230000 -36.510000
-83.870000 -42.130000
-14.100000 50.910000
-61.450000 -59.380000
40.670000 18.800000
17.720000 -5.830000
25.640000 -21.190000
-2.670000 -5.790000
-39.580000 89.380000
34.880000 -84.200000
16.210000 -2.900000
-11.740000 -76.430000
-20.050000 -33.690000
-95.670000 60.790000
-51.360000 -28.130000
-5.540000 44.530000
66.310000 12.790000
70.310000 -98.540000
36.930000 -58.360000
60.880000 73.830000
11.150000 -61.570000
-55.770000 -16.240000
17.380000 -81.880000
-85.020000 63.170000
36.140000 -64.500000
-22.740000 -61.640000
94.320000 99.180000
20.760000 -11.620000
15.390000 -64.270000
-56.140000 -5.360000
-11.050000 -23.400000
25.030000 15.070000
87.330000 49.130000
-97.640000 -92.140000
-53.020000 -71.670000
-18.490000 -76.870000
-71.850000 67.070000
53.680000 -48.060000
62.720000 22.890000
85.650000 77.260000
-63.010000 -38.730000
17.890000 -99.870000
-79.330000 -56.100000
65.870000 -51.480000
5.920000 -27.690000
-88.920000 -21.990000
38.480000 28.810000
87.470000 49.570000
84.350000 92.450000
72.350000 -0.390000
-99.900000 -86.750000
53.550000 13.950000
97.030000 65.620000
38.680000 -43.060000
17.510000 -6.930000
-72.940000 -76.620000
24.980000 -90.770000
76.730000 63.440000
-26.840000 -49.100000
-37.360000 -28.930000
70.170000 -64.850000
-50.720000 67.840000
41.830000 80.160000
-32.930000 49.810000
-37.020000 92.800000
-24.080000 55.320000
-62.510000 45.810000
-10.560000 -17.940000
35.150000 -40.610000
-38.100000 13.430000
-16.710000 -57.270000
-4.150000 43.700000
-1.960000 95.320000
73.820000 -13.810000
-61.580000 -93.240000
34.560000 -56.390000
-72.310000 61.540000
-81.670000 -1.860000
-44.530000 -23.820000
36.410000 -89.410000
-96.430000 -65.260000
47.170000 -47.650000
10.190000 -23.760000
-91.240000 -22.430000
42.940000 30.860000
25.150000 -11.200000
98.770000 85.110000
-30.240000 -29.650000
86.060000 -5.720000
-65.130000 72.960000
50.610000 47.080000
59.920000 77.820000
74.630000 1.390000
-45.010000 72.560000
-13.410000 69.190000
6.700000 -94.720000
57.630000 55.750000
19.980000 27.180000
-35.490000 65.510000
-63.220000 -57.880000
24.880000 -91.440000
-80.520000 99.630000
76.330000 -89.770000
-40.930000 26.490000
-58.560000 -55.350000
-29.470000 -46.180000
17.960000 58.980000
55.100000 -71.270000
-44.400000 -10.780000
-24.550000 28.670000
-69.650000 24.440000
-62.920000 56.400000
-99.750000 -86.160000
-5.840000 -89.170000
-88.830000 51.910000
-7.500000 32.560000
-69.760000 -15.170000
56.790000 16.370000
-90.500000 -53.520000
-40.240000 -13.490000
-87.050000 2.070000
1.820000 -32.780000
-36.600000 -27.320000
56.700000 55.150000
-25.220000 18.200000
-10.010000 75.430000
-91.140000 78.620000
65.270000 -89.420000
43.590000 -79.880000
56.540000 46.480000
2.020000 -0.980000
-87.560000 25.510000
74.750000 -88.670000
-4.480000 68.570000
20.090000 -55.960000
10.530000 -29.980000
-36.260000 20.970000
84.460000 -36.490000
-36.150000 -5.690000
78.010000 -71.130000
58.740000 68.130000
90.400000 40.880000
-41.920000 92.450000
42.610000 -36.870000
-77.980000 -1.880000
-74.560000 -37.160000
66.450000 -37.640000
-58.380000 -19.230000
-81.150000 -56.540000
-32.280000 68.520000
53.830000 -55.670000
48.700000 62.880000
84.520000 -4.330000
68.510000 -82.500000
55.230000 -53.970000
-48.280000 61.870000
35.210000 -27.450000
5.380000 -17.730000
-51.350000 -71.240000
21.540000 66.900000
26.210000 -29.620000
1.280000 -56.860000
24.480000 -9.750000
92.890000 47.130000
19.500000 69.210000
-21.010000 -6.090000
8.770000 -35.770000
51.450000 29.570000
-80.480000 -64.220000
67.550000 -77.030000
28.600000 -53.710000
39.320000 38.700000
65.370000 -41.460000
-85.640000 93.680000
-32.440000 49.440000
98.470000 -53.240000
9.050000 60.570000
-26.650000 43.210000
1.980000 -92.720000
-42.820000 -6.650000
43.350000 31.480000
-63.040000 -82.400000
-18.360000 11.810000
14.010000 -42.290000
81.890000 65.590000
-54.270000 63.160000
61.890000 -63.300000
33.580000 -40.110000
26.720000 6.730000
7.200000 -36.810000
36.690000 -38.430000
72.800000 -74.370000
14.740000 -20.220000
72.920000 -85.080000
-49.740000 54.170000
-53.710000 63.840000
-29.200000 -65.850000
-36.670000 -94.000000
84.140000 -60.300000
70.630000 -72.790000
7.450000 5.310000
94.140000 80.780000
85.990000 89.370000
-14.870000 75.760000
-19.600000 16.760000
-69.270000 -1.680000
-4.720000 59.680000
-64.520000 22.880000
-9.940000 -85.490000
-40.410000 21.990000
-35.240000 34.230000
-28.570000 13.650000
84.930000 -24.010000
-36.520000 35.980000
17.280000 44.830000
-91.010000 3.840000
-15.430000 -22.150000
61.370000 -53.420000
98.830000 70.810000
70.730000 -15.270000
93.370000 -70.620000
-41.640000 -98.170000
-33.040000 -14.170000
29.630000 -41.590000
44.750000 42.970000
43.030000 -67.370000
69.520000 -81.710000
35.700000 -95.670000
31.810000 -79.920000
21.660000 -80.740000
-12.880000 5.350000
93.640000 0.400000
27.150000 -12.500000
-50.510000 35.750000
49.900000 45.070000
-27.280000 98.000000
-43.230000 -50.630000
-29.710000 60.610000
-68.200000 -5.460000
-93.350000 98.410000
-42.230000 -62.410000
3.890000 58.620000
44.540000 -7.230000
-35.950000 -20.270000
-89.850000 -83.960000
-11.320000 53.450000
-19.310000 71.590000
-72.850000 52.690000
88.590000 -54.420000
-95.030000 -61.730000
-78.940000 -77.980000
9.340000 -81.910000
10.050000 -53.260000
37.730000 -76.430000
11.210000 -87.670000
70.150000 83.950000
-52.760000 70.980000
55.560000 -26.510000
-46.280000 -79.450000
23.990000 -40.880000
-10.510000 -88.820000
8.940000 -17.620000
54.460000 87.190000
1.390000 96.160000
-44.700000 -70.600000
18.370000 -70.350000
41.020000 -15.970000
-21.430000 81.000000
43.270000 -70.520000
26.870000 -3.690000
-55.370000 -50.620000
-66.370000 -22.760000
14.350000 25.390000
-31.670000 -50.440000
12.580000 -66.690000
45.340000 39.430000
-8.480000 89.470000
-0.820000 95.320000
7.880000 -11.440000
-82.370000 87.040000
-9.970000 -30.930000
71.870000 -8.950000
20.620000 99.690000
-36.510000 -42.850000
-48.750000 98.580000
96.970000 52.360000
53.360000 12.270000
12.450000 24.340000
-47.590000 -17.740000
67.540000 2.260000
-6.640000 2.080000
68.730000 87.700000
15.250000 42.790000
-28.420000 -34.140000
56.410000 71.930000
-1.470000 83.100000
-5.130000 -79.490000
58.580000 -73.840000
77.700000 -58.680000
-40.560000 35.380000
89.010000 -82.970000
69.770000 25.230000
40.920000 48.180000
-55.810000 44.160000
23.530000 47.850000
-34.740000 -80.720000
-47.100000 76.690000
81.230000 83.910000
-31.990000 19.120000
97.060000 -91.160000
-72.360000 58.290000
47.560000 59.630000
-55.190000 -77.730000
-92.870000 73.500000
-86.800000 -80.330000
70.130000 -73.150000
13.210000 87.900000
48.200000 82.360000
72.730000 -40.050000
-56.790000 -94.580000
-68.010000 7.990000
42.930000 85.710000
19.210000 53.560000
43.730000 -59.230000
62.730000 21.500000
12.790000 -96.040000
3.030000 15.690000
71.730000 41.110000
-19.480000 27.110000
23.030000 60.580000
-9.310000 95.060000
-52.110000 -68.760000
-91.820000 -18.380000
30.330000 91.990000
1.440000 36.410000
-97.760000 -85.890000
41.890000 -77.980000
-17.810000 -47.850000
-54.750000 -66.560000
-87.070000 62.280000
-39.150000 -3.280000
29.580000 45.740000
-7.430000 -26.910000
-77.810000 51.580000
94.520000 56.760000
-69.510000 80.930000
-7.130000 -93.850000
60.280000 -17.320000
32.400000 0.930000
67.420000 92.950000
97.150000 -26.240000
62.330000 -93.770000
-58.720000 -72.100000
-61.670000 -24.990000
37.210000 99.350000
-12.810000 98.450000
-42.020000 0.640000
-38.530000 65.700000
-22.700000 -34.000000
-79.680000 43.330000
-39.960000 -40.550000
69.200000 66.740000
-18.090000 -77.990000
-34.030000 69.370000
66.990000 3.880000
-93.070000 -11.320000
13.730000 25.470000
62.150000 -28.250000
-87.590000 71.060000
75.200000 -98.900000
-28.450000 95.120000
68.880000 48.300000
16.530000 91.880000
84.220000 -47.100000
20.880000 -44.430000
52.020000 -78.480000
-36.950000 -29.640000
-76.500000 39.630000
9.280000 -37.440000
66.730000 -89.640000
41.780000 99.920000
90.560000 19.850000
56.800000 -16.790000
24.780000 -28.920000
-65.220000 27.230000
48.930000 -28.560000
1.750000 -0.220000
-41.160000 91.610000
19.090000 55.150000
-52.450000 -70.660000
-12.220000 12.590000
-82.470000 -17.390000
-74.000000 -87.300000
-17.850000 -12.680000
62.530000 -78.080000
64.630000 -85.500000
82.830000 -21.430000
15.440000 34.080000
7.400000 -37.080000
-76.180000 29.650000
48.780000 1.760000
-29.940000 -14.250000
-18.800000 45.740000
16.400000 57.640000
-29.930000 18.130000
72.730000 -87.410000
-14.500000 47.290000
-17.090000 80.680000
51.410000 -50.140000
15.100000 39.550000
-40.590000 21.600000
-78.060000 -24.520000
-49.290000 84.150000
-82.120000 85.370000
11.790000 75.880000
-22.890000 -32.870000
-86.390000 70.660000
-7.460000 50.690000
-15.760000 -83.300000
-97.640000 24.920000
-46.810000 -91.340000
-58.290000 46.700000
46.360000 -74.710000
-54.620000 -74.020000
-65.750000 25.240000
-77.490000 -31.610000
1.230000 -57.480000
-23.440000 42.470000
69.990000 -82.840000
-74.020000 -62.170000
6.550000 20.020000
35.540000 -57.490000
-72.650000 51.170000
63.910000 -39.180000
-42.870000 76.250000
-34.650000 5.590000
54.720000 -74.870000
-63.310000 80.010000
-46.930000 9.520000
16.690000 -3.300000
-35.000000 74.860000
4.430000 72.600000
13.900000 0.920000
87.730000 -1.560000
75.160000 25.000000
88.470000 85.150000
4.260000 -84.680000
-33.090000 41.780000
96.630000 55.500000
-98.520000 -54.550000
61.100000 -96.300000
-63.830000 -3.900000
-71.810000 -47.670000
66.300000 -15.020000
-72.940000 75.040000
-56.380000 -33.030000
10.350000 -5.810000
75.540000 -12.990000
-84.510000 -74.620000
-12.190000 95.050000
71.060000 82.270000
-66.740000 88.680000
-45.840000 -59.090000
37.030000 -5.140000
63.510000 -32.250000
7.530000 10.360000
81.520000 -78.030000
-55.990000 90.780000
88.180000 -90.070000
79.500000 94.470000
-64.840000 7.640000
-28.210000 95.380000
77.310000 77.990000
51.490000 -29.300000
-71.010000 -89.610000
-35.850000 20.770000
-32.820000 35.700000
-43.560000 52.890000
11.450000 -21.560000
-7.920000 -96.310000
57.480000 -36.830000
38.220000 -2.670000
3.990000 47.700000
12.050000 96.770000
52.010000 -98.060000
44.360000 73.140000
-63.980000 63.510000
82.790000 -35.250000
-56.890000 -96.120000
