50 261
30 44
40 48
13 22
43 44
2 14
9 22
12 24
35 9
11 29
15 48
49 23
31 29
34 30
7 19
1 25
24 23
8 43
28 47
41 10
50 19
30 9
4 19
10 31
21 4
31 14
36 2
28 9
45 6
50 3
41 34
30 29
14 49
48 20
25 18
38 27
30 19
49 33
46 34
23 19
24 31
12 20
20 2
50 40
6 37
38 33
22 47
34 2
46 18
47 49
41 44
12 31
37 18
25 45
45 42
34 40
40 36
24 42
24 4
25 36
50 17
46 5
39 17
36 24
28 21
16 19
6 5
44 45
37 15
23 14
24 49
20 32
7 1
22 50
23 25
40 25
4 8
32 29
4 44
31 23
19 10
10 29
13 28
25 24
42 15
13 21
13 30
6 28
5 28
14 5
41 36
28 17
7 35
12 10
41 31
40 20
14 29
13 39
12 34
9 7
30 38
27 45
17 41
50 39
21 27
42 3
7 45
9 33
23 10
13 44
24 5
17 8
40 7
13 29
12 28
48 50
44 26
46 4
17 1
28 24
24 15
30 26
3 37
44 33
45 14
33 39
34 11
21 14
45 34
49 31
21 37
20 49
38 7
23 34
23 4
44 23
19 40
34 36
12 21
13 11
18 35
49 44
15 1
31 35
45 49
18 44
11 32
26 43
45 37
7 17
2 11
5 1
48 36
34 39
50 28
17 5
13 4
6 33
33 7
21 48
50 13
48 27
33 13
35 28
6 16
13 38
15 7
25 48
36 43
9 31
5 8
5 39
1 37
6 32
3 13
12 2
15 50
4 26
28 42
46 41
50 30
29 28
2 48
19 31
42 27
27 35
25 44
48 17
36 30
49 37
34 44
29 23
37 42
6 14
44 47
40 16
46 21
26 42
26 12
7 20
38 49
12 27
21 24
49 4
20 17
1 32
30 4
43 23
7 32
44 39
46 45
36 4
24 29
43 2
18 40
31 15
43 35
10 7
29 36
49 35
30 12
34 49
3 28
3 33
43 3
24 1
4 39
7 39
22 29
46 31
13 32
49 12
33 41
32 50
14 25
48 3
29 3
25 37
36 18
47 34
34 16
26 19
11 39
44 3
37 41
27 41
47 21
6 22
12 17
10 16
44 22
16 41
25 15
40 5
1 26
29 12
42 1
6 48
39 32
6 31
23 50
48 10
