100 118
9 23
13 57
88 54
79 82
15 84
98 91
44 31
75 39
74 10
26 54
99 91
22 9
81 65
68 82
9 78
91 1
87 69
89 30
34 95
20 10
95 79
5 38
60 84
88 96
73 71
96 84
20 47
13 23
88 48
57 36
34 43
78 36
91 86
96 81
7 76
81 56
92 42
82 92
24 59
100 57
54 30
78 40
45 79
53 36
20 4
96 13
55 69
2 18
61 77
80 53
89 49
78 100
87 53
70 20
25 53
88 81
16 27
93 9
98 74
26 15
94 69
30 71
88 40
63 21
35 23
12 27
89 76
33 22
22 46
7 86
45 92
35 99
67 69
51 61
38 47
58 10
50 20
52 20
38 92
1 73
48 78
79 76
29 72
69 81
69 5
70 37
41 85
10 91
10 97
63 72
94 26
66 9
71 2
100 9
87 30
31 71
99 83
25 8
39 2
72 45
53 4
62 31
15 19
68 30
79 46
8 49
83 52
32 85
86 90
18 58
9 57
14 100
93 98
31 55
76 77
62 64
100 93
35 7
