100 469
12 15
98 85
50 40
14 79
83 28
12 100
55 98
4 98
15 59
14 58
62 28
40 75
18 19
56 35
4 38
21 3
7 95
25 64
43 6
97 48
32 6
4 62
100 25
62 90
25 23
30 39
51 76
75 66
36 22
86 81
44 22
36 89
47 86
76 10
70 84
67 60
31 32
44 5
21 46
54 68
20 27
74 92
49 4
83 98
37 93
52 85
70 68
88 7
64 1
15 17
15 42
53 55
59 33
69 91
20 15
25 74
12 34
27 73
40 24
64 91
80 28
2 86
62 23
29 4
83 64
80 88
72 44
84 81
62 22
31 47
19 16
48 34
78 38
82 14
59 1
97 2
99 61
11 8
62 15
47 89
56 45
59 17
16 89
38 44
30 84
53 26
66 8
19 6
12 69
43 79
89 59
59 84
89 28
79 99
25 93
20 40
63 41
59 61
15 25
57 40
81 72
73 63
62 45
99 21
70 29
90 29
49 2
11 12
6 8
89 84
33 82
6 58
41 33
47 46
71 8
3 87
59 22
66 87
50 76
46 49
3 68
46 96
73 50
56 99
76 58
44 32
38 12
88 36
90 65
65 57
43 94
7 62
95 29
93 43
5 30
46 53
26 97
88 67
56 26
30 7
5 46
55 56
48 4
37 47
75 51
5 42
32 84
98 36
21 2
86 9
6 62
6 57
62 10
64 78
84 54
85 57
24 12
71 25
38 46
72 70
7 75
35 46
55 69
75 72
68 12
17 80
82 21
10 94
91 72
27 57
82 68
83 71
74 97
7 99
91 23
56 97
74 39
11 78
26 46
29 38
27 2
23 97
73 21
16 53
96 4
33 45
36 48
88 78
20 69
44 92
4 71
87 5
80 22
60 27
100 76
32 58
31 51
66 49
71 85
16 4
32 7
3 46
42 22
31 5
47 70
4 42
2 98
27 74
60 64
98 91
92 71
10 36
44 61
34 3
70 25
64 37
33 40
8 80
9 61
70 44
68 66
45 63
33 84
57 59
97 35
91 79
40 55
62 12
88 69
47 73
96 29
94 28
80 70
28 65
29 30
94 59
1 45
60 53
50 91
79 28
81 79
74 83
73 91
67 83
100 5
65 89
100 96
93 8
39 14
17 75
95 71
79 24
25 42
99 8
64 18
94 57
90 12
99 48
46 60
24 43
83 29
9 78
51 89
91 8
42 66
29 85
37 92
91 16
15 14
62 67
32 8
60 14
81 88
11 73
13 21
7 61
52 17
5 66
29 9
10 71
57 17
21 93
90 17
1 46
69 7
38 10
7 3
57 56
60 8
86 36
9 33
47 15
66 79
63 82
55 77
42 29
58 61
79 49
4 23
62 83
49 74
38 57
36 29
26 99
77 14
61 22
26 14
59 53
54 34
2 93
88 83
20 91
86 21
75 69
83 99
83 45
25 17
67 31
33 24
54 97
76 31
86 70
96 36
8 5
29 69
69 80
51 46
77 71
84 85
25 33
39 46
35 87
11 6
93 70
2 65
89 24
73 31
93 5
85 70
60 40
38 73
93 60
8 57
56 81
44 84
25 26
44 23
74 67
19 54
24 61
87 82
72 30
27 6
18 15
12 59
24 78
95 8
13 89
28 55
70 6
34 67
63 65
66 47
62 18
72 61
1 87
4 35
83 66
72 82
62 69
32 71
56 14
31 65
98 72
28 23
38 83
34 38
47 13
43 25
44 66
67 27
21 67
24 46
46 76
88 52
15 27
28 11
43 13
49 51
80 33
26 77
74 52
86 34
94 14
36 100
72 10
33 26
64 97
75 53
75 25
89 12
6 4
10 1
6 15
76 66
21 76
70 52
79 78
66 60
84 52
57 15
69 66
77 63
27 3
73 68
57 97
92 51
92 62
95 99
68 29
48 94
45 40
2 91
51 52
8 63
89 81
98 78
2 80
96 85
60 90
40 74
67 30
85 73
26 28
32 2
64 44
50 88
12 61
95 77
50 52
70 9
57 81
86 19
30 78
60 29
44 24
100 84
26 48
13 76
24 36
15 70
99 63
1 18
12 39
62 19
3 97
58 45
46 17
26 34
35 47
62 86
62 34
26 92
79 6
40 66
80 46
33 73
15 84
79 41
