100 982
93 77
13 47
98 87
61 74
59 41
29 97
86 41
54 2
34 15
47 69
70 34
8 84
70 28
39 75
33 20
91 57
80 33
1 37
46 19
95 18
40 39
18 2
59 2
15 60
79 95
9 33
34 64
62 13
5 82
5 53
24 36
99 55
24 75
29 96
79 23
7 57
49 7
2 44
72 55
72 61
90 80
15 84
22 21
59 80
26 89
41 46
24 92
100 19
29 76
86 65
87 39
32 57
73 20
20 9
62 50
67 72
75 44
38 44
19 17
46 55
58 42
29 87
92 86
14 3
4 98
90 42
41 98
65 44
14 28
88 56
24 93
32 62
93 21
82 40
56 4
17 14
98 12
91 62
68 14
17 49
78 90
45 100
17 25
57 83
93 84
16 21
8 77
96 10
29 4
50 39
3 17
99 82
6 13
24 61
41 20
59 34
99 44
100 92
52 25
47 72
90 4
88 67
95 84
49 42
1 85
7 86
83 99
81 53
16 3
96 12
21 92
56 97
46 25
16 51
53 97
73 29
47 50
63 69
37 90
53 83
99 63
63 93
41 74
27 29
35 37
37 56
61 91
92 4
64 12
93 65
24 33
94 15
78 59
54 80
79 39
26 77
31 53
78 58
31 80
76 96
38 29
86 17
21 89
15 38
88 15
65 55
82 49
5 56
55 93
77 82
70 90
69 57
11 88
87 18
97 19
3 80
41 29
33 56
39 49
55 97
47 39
74 18
67 30
26 53
24 86
69 34
30 27
36 6
51 80
26 97
32 56
79 10
61 62
2 37
34 86
46 16
100 99
19 98
87 1
75 87
49 22
61 11
14 20
78 14
98 21
61 42
48 90
99 76
54 62
51 82
49 20
34 61
94 98
30 90
64 63
98 47
17 68
67 29
63 81
6 75
5 69
86 83
90 77
95 59
14 80
19 32
31 59
43 69
84 83
32 61
8 34
5 18
30 11
94 83
95 76
92 66
51 87
31 15
79 8
61 85
3 11
54 16
66 60
53 16
70 13
6 99
38 12
55 28
51 50
75 80
100 59
35 92
96 8
87 61
44 33
5 78
45 18
44 20
12 39
36 22
76 60
69 67
76 61
44 45
48 60
89 76
80 68
62 11
99 91
58 79
72 98
72 97
79 93
73 88
4 23
16 38
32 15
27 38
75 38
82 31
8 41
12 100
33 57
60 8
1 48
64 81
61 77
75 66
45 64
94 28
13 18
42 52
93 83
91 80
6 62
40 55
3 50
18 11
54 27
10 48
65 10
46 67
28 73
28 30
55 16
54 6
19 38
2 92
79 98
59 79
65 57
82 85
3 66
61 57
86 63
32 54
90 100
39 7
73 31
70 75
72 1
3 32
7 62
48 41
87 74
60 87
76 2
15 93
33 29
22 30
23 72
86 77
43 46
90 18
21 69
51 97
43 23
51 33
63 19
61 30
39 48
87 64
65 7
60 65
6 18
75 3
52 18
12 87
47 21
71 38
38 14
5 34
42 3
14 74
88 66
78 47
20 55
78 26
93 1
14 71
16 87
14 46
73 70
8 9
46 45
38 37
24 90
63 42
91 33
79 24
76 65
100 60
83 70
13 69
84 61
33 45
29 57
48 85
93 46
8 68
98 9
88 86
48 88
81 89
39 13
89 82
5 91
50 65
43 92
78 44
56 53
5 35
69 95
50 58
29 21
47 52
10 17
7 74
17 63
2 53
62 1
10 49
44 34
62 35
24 7
26 36
59 1
37 72
48 22
88 34
42 2
33 77
93 4
18 44
99 90
82 7
30 50
47 36
35 40
15 69
82 53
80 64
52 80
86 2
25 1
66 24
24 68
97 44
10 14
42 4
35 68
89 95
65 84
7 88
42 41
11 68
43 77
74 9
23 41
52 21
86 32
75 32
58 23
1 13
50 49
64 86
25 15
51 66
10 50
87 72
51 93
3 69
51 3
92 72
30 51
75 64
69 88
7 4
63 30
26 93
49 13
59 52
87 46
8 26
30 91
98 85
18 66
49 38
90 38
42 78
6 14
60 86
86 82
36 38
67 5
69 71
52 58
32 24
12 32
37 80
45 89
2 7
43 51
6 27
8 80
1 75
80 46
99 31
29 19
1 95
74 79
41 39
92 89
75 74
40 9
33 27
95 3
75 60
69 8
40 29
34 63
38 60
92 61
42 87
84 92
36 69
71 12
54 76
78 91
29 45
49 98
40 92
42 10
80 92
66 30
34 25
63 41
78 19
18 41
68 83
95 14
18 9
17 45
69 28
13 26
7 18
59 87
20 11
37 61
32 2
57 82
5 65
20 32
62 26
37 45
90 97
95 83
93 44
96 79
26 81
75 83
87 31
69 32
1 22
77 36
12 84
81 16
46 64
23 17
27 96
71 60
23 36
23 38
8 19
77 49
96 64
31 91
67 18
36 98
92 44
21 13
19 50
30 52
19 60
57 92
89 69
86 9
12 44
33 15
46 48
43 67
38 31
72 34
4 97
70 68
62 63
50 40
70 87
15 52
32 17
56 39
50 75
77 10
93 43
67 80
54 12
55 98
32 47
16 97
89 60
29 75
94 78
65 38
25 48
92 83
84 10
14 5
25 28
87 11
28 31
61 6
10 1
23 21
44 14
69 26
50 60
7 14
89 31
83 47
62 5
1 35
2 26
48 72
68 5
10 68
89 12
74 92
100 24
44 56
8 53
43 41
86 5
53 85
35 59
82 54
20 26
72 35
43 82
39 95
98 2
47 75
91 63
17 77
48 91
14 86
27 13
83 58
75 17
52 35
58 65
20 22
74 89
87 81
1 16
92 77
83 24
87 22
100 89
61 78
74 51
10 60
40 41
68 93
77 4
52 90
25 69
74 65
15 57
85 63
41 57
24 42
41 67
40 88
11 50
87 69
69 83
73 24
34 14
49 9
92 6
11 48
89 34
27 16
1 18
93 16
9 12
49 21
13 43
40 8
59 74
15 3
69 12
66 12
31 41
98 18
23 90
86 99
11 12
79 42
46 75
9 10
77 29
40 66
97 27
61 73
55 17
51 1
53 75
54 86
90 1
90 51
99 80
7 70
16 47
52 98
50 96
39 4
92 19
53 49
51 12
2 45
34 58
76 97
83 45
40 59
35 95
61 66
47 1
94 77
7 84
75 69
31 90
79 71
33 64
21 36
8 51
49 44
86 61
85 45
92 37
78 55
78 37
69 51
20 35
40 89
86 33
27 55
13 98
45 96
29 58
32 27
82 59
35 96
40 36
65 64
68 2
63 50
53 19
56 59
36 60
29 55
70 45
18 31
14 9
17 57
42 76
5 94
45 53
87 91
49 12
21 40
35 45
58 85
4 49
62 92
43 70
17 89
79 18
80 95
17 84
63 55
27 10
68 26
43 22
6 60
49 45
20 12
53 23
10 88
100 38
60 47
66 48
54 87
17 66
15 40
43 89
32 11
81 21
40 38
37 22
2 34
91 70
19 41
93 37
18 36
7 26
56 20
12 36
31 95
57 48
85 43
65 4
3 65
31 20
25 11
28 81
50 45
2 21
32 77
49 25
36 91
28 62
57 23
62 78
79 51
2 87
18 43
66 76
42 65
76 8
33 12
76 49
94 8
20 84
11 64
85 83
39 38
19 51
98 45
64 52
56 69
10 12
51 47
36 49
52 27
51 61
94 82
54 95
49 33
15 82
74 44
20 82
22 92
15 64
84 99
36 65
78 15
33 66
73 8
32 36
7 3
69 99
14 22
70 95
66 47
1 98
46 86
95 43
54 65
49 62
50 14
14 75
22 26
8 33
59 57
1 12
2 97
58 80
27 76
86 68
26 48
83 31
80 27
83 88
77 54
25 96
52 10
85 50
21 20
14 98
18 8
29 37
46 62
26 33
88 31
13 92
56 41
35 19
23 32
66 84
51 77
75 98
53 90
56 92
6 68
74 67
3 56
3 96
75 90
1 21
7 25
26 88
95 36
51 23
91 32
9 63
90 44
55 100
83 37
95 40
48 89
94 97
33 22
98 100
76 82
66 49
18 75
38 57
80 62
16 8
100 49
98 22
59 65
28 2
90 13
70 41
44 35
10 80
67 60
90 19
11 92
53 47
2 17
58 47
25 91
49 47
98 5
37 23
9 50
26 29
70 42
60 58
56 49
34 20
53 66
84 70
63 27
50 21
91 10
68 56
61 26
35 39
10 18
77 74
41 91
29 8
23 76
73 67
58 32
50 41
33 50
28 18
29 74
3 26
38 76
98 15
46 50
25 6
89 2
33 10
57 100
19 24
38 92
78 69
27 86
9 53
22 63
90 59
99 14
15 85
67 94
61 10
48 45
14 83
17 4
92 88
54 20
11 79
37 54
57 66
82 63
86 22
50 29
10 37
36 78
42 84
74 53
82 39
86 75
26 46
37 77
96 88
