100
390 79
671 61
912 62
903 92
652 89
354 17
307 88
823 74
950 46
20 47
883 89
485 99
456 31
496 18
872 21
990 5
202 71
165 56
342 26
377 10
121 72
770 69
627 99
432 48
127 35
330 9
831 75
628 20
77 80
769 15
925 19
71 97
598 29
300 43
217 25
746 91
194 94
385 31
234 89
309 83
310 17
867 82
529 59
851 98
733 75
355 90
994 40
909 13
587 56
378 62
138 92
964 49
616 31
639 60
125 37
504 82
28 15
757 34
521 49
55 78
162 48
641 39
727 69
439 42
676 9
962 62
242 20
313 29
706 69
901 27
323 93
312 81
240 35
182 63
191 21
724 85
780 95
851 36
190 9
865 45
769 88
979 23
482 60
417 70
439 75
189 30
356 50
395 92
982 77
284 83
987 73
264 40
163 11
484 55
367 37
568 35
590 70
562 29
285 22
594 79
