500
800 34
455 57
897 72
120 92
577 50
1000 53
165 44
705 31
386 20
253 46
923 70
50 52
361 16
677 34
976 52
541 60
658 67
673 56
607 13
427 13
733 4
784 77
830 13
640 36
321 27
703 26
484 14
434 87
483 86
923 10
434 39
675 65
684 50
154 37
800 20
114 85
34 61
338 82
512 69
297 43
560 99
95 25
420 97
17 6
338 83
782 51
286 75
911 84
408 15
242 47
572 27
61 57
67 7
331 63
310 50
795 19
706 22
906 16
819 11
171 5
537 50
569 77
360 63
355 34
194 8
36 52
221 69
576 68
882 36
428 77
749 66
519 73
22 83
870 35
743 7
238 68
759 72
806 43
218 38
626 70
94 94
181 63
927 83
905 68
235 68
831 56
306 53
905 52
302 68
600 94
113 99
46 65
957 33
937 28
768 53
215 40
17 45
122 59
150 45
506 54
116 21
679 85
518 44
133 50
211 47
807 22
841 56
224 71
654 29
8 26
302 79
169 42
871 12
297 75
478 24
460 55
229 18
781 99
207 45
482 16
65 53
868 65
507 71
655 62
303 91
613 4
551 41
433 36
500 13
587 38
952 83
729 86
197 53
593 31
591 22
553 36
654 100
438 71
863 81
550 18
310 76
736 45
856 86
721 88
27 21
259 29
834 30
915 82
641 90
285 73
507 78
87 45
234 78
666 1
295 28
924 90
105 83
792 54
808 14
875 60
709 3
148 45
596 86
692 15
822 23
145 60
593 4
815 5
885 79
227 29
819 70
720 12
634 44
640 75
251 63
929 42
903 3
916 41
968 80
963 19
105 70
737 83
617 15
480 15
539 65
436 58
470 36
250 39
813 21
695 94
536 82
82 30
90 9
123 13
302 48
701 60
375 15
990 1
324 45
427 22
441 78
466 16
569 20
974 14
431 25
520 45
346 64
689 74
392 84
890 56
362 21
931 54
674 58
213 21
739 2
231 87
27 89
423 80
364 8
334 55
216 49
985 92
822 8
728 100
156 53
453 43
55 23
201 55
826 86
341 89
436 96
612 63
23 97
645 91
875 32
794 24
656 75
3 79
642 30
365 63
174 71
483 18
357 88
209 55
335 25
914 7
216 7
487 38
898 73
107 27
128 47
365 84
175 40
340 48
584 11
287 71
870 50
932 85
169 80
29 27
463 15
845 22
390 36
230 99
13 2
906 31
955 40
583 14
947 16
936 56
439 30
31 6
527 13
251 69
71 82
396 9
589 53
258 75
248 13
299 57
3 8
485 15
151 2
444 62
543 73
658 86
635 95
162 59
524 87
807 38
136 4
738 85
176 44
268 26
689 30
106 92
300 27
81 70
72 99
151 45
595 62
545 23
605 23
817 66
444 99
550 2
408 64
910 34
106 79
763 99
686 68
912 76
667 47
564 55
238 92
693 92
872 88
39 40
802 65
371 93
803 52
623 45
375 11
93 90
822 97
340 25
459 74
790 13
773 81
972 76
11 12
531 51
401 88
909 27
467 32
756 74
148 58
480 74
996 62
315 33
392 12
225 19
28 98
888 77
13 81
523 1
914 52
871 57
142 81
270 7
605 48
919 18
134 92
114 45
734 21
786 27
746 16
966 76
356 49
554 57
757 83
269 76
893 55
69 43
414 32
945 52
971 63
818 56
590 82
958 22
219 40
942 89
218 68
639 63
376 51
6 12
48 8
77 14
363 95
938 35
225 53
962 83
727 81
889 55
723 41
133 80
391 1
802 74
145 7
870 31
875 99
985 73
779 66
419 71
421 99
496 18
820 72
740 33
56 42
364 47
156 1
58 83
125 15
598 27
960 86
968 92
678 94
452 41
927 68
770 33
818 7
659 45
790 44
333 12
389 85
294 90
576 13
202 58
672 16
197 88
274 5
605 61
292 85
978 58
571 93
95 58
762 51
882 21
339 66
163 71
610 24
805 3
150 95
283 75
299 16
220 76
946 66
733 13
393 58
248 74
245 51
145 25
771 58
823 9
517 18
82 65
511 71
672 20
724 70
460 66
796 17
172 12
748 38
28 72
990 66
308 94
661 38
872 97
153 22
703 27
8 54
931 44
90 77
524 75
692 79
942 68
135 86
775 44
604 8
520 78
511 83
526 15
825 99
501 83
802 75
290 89
807 95
575 44
488 99
681 51
997 73
934 74
956 47
586 32
661 74
884 89
390 15
570 40
26 49
21 82
662 90
42 91
717 90
585 89
905 1
222 26
922 1
83 57
444 7
665 95
