600
586 5
670 1
418 4
3 1
806 2
76 1
358 1
737 2
683 10
728 10
303 6
993 8
641 8
663 10
627 5
722 6
207 5
551 1
727 2
637 3
780 4
982 4
838 8
507 5
181 10
612 3
176 7
53 8
424 1
389 9
143 2
16 9
202 10
411 7
606 9
749 4
424 1
295 3
273 3
862 2
201 3
384 2
330 10
603 6
133 10
961 10
281 7
792 8
249 3
918 6
656 6
929 9
581 10
111 8
87 2
379 7
330 2
110 8
198 4
4 9
49 8
805 5
79 1
884 8
775 6
792 6
436 5
172 3
731 7
564 3
179 1
214 1
794 9
313 7
958 2
203 1
497 4
944 4
959 2
121 8
620 1
376 4
533 5
185 1
523 3
390 6
500 10
61 7
883 8
143 2
447 2
963 2
986 2
156 8
970 2
33 1
824 8
207 5
48 10
368 5
105 8
396 1
956 10
686 5
830 2
589 9
735 7
858 10
454 10
980 9
394 4
753 10
434 2
319 3
678 4
316 9
621 5
459 3
378 5
289 8
263 8
875 9
135 4
590 9
572 6
348 5
452 2
395 2
840 8
99 3
532 2
317 7
543 6
37 7
457 9
604 4
222 5
727 7
129 9
187 7
892 7
623 4
162 10
895 9
996 6
157 5
878 7
90 8
139 4
486 3
968 8
933 7
449 6
717 4
260 10
109 6
722 8
272 2
199 4
347 2
761 6
807 2
344 1
625 3
91 9
513 4
607 9
302 4
406 6
340 2
379 8
628 8
981 8
619 5
97 9
163 3
285 5
967 2
733 3
374 3
542 5
218 3
332 6
213 5
501 8
892 8
949 4
381 7
734 3
447 4
487 1
534 10
716 7
196 9
690 4
416 2
741 4
760 8
667 6
22 9
907 7
787 10
731 1
145 5
423 5
48 10
201 1
813 8
732 6
492 8
827 8
634 6
277 1
50 1
29 7
170 4
740 10
241 8
544 6
208 1
975 2
368 1
386 1
200 7
423 8
589 9
438 4
22 9
53 4
196 10
928 7
433 6
361 2
481 10
706 3
94 4
527 9
216 7
687 7
432 10
581 8
571 4
144 4
141 1
158 3
691 10
731 2
598 3
599 6
565 10
977 4
574 6
488 3
661 6
209 2
704 5
25 4
915 10
375 6
530 4
837 4
234 1
360 9
794 2
519 9
359 1
399 1
823 8
112 2
661 3
52 8
148 2
435 3
227 5
982 10
594 4
825 2
454 9
83 7
35 6
770 6
213 7
65 7
703 9
714 4
638 10
216 6
994 2
637 3
291 6
976 8
694 9
289 6
271 8
697 5
323 4
205 5
649 8
915 1
455 4
291 10
474 4
951 3
521 9
303 1
419 3
381 7
365 5
799 3
459 7
50 3
363 7
847 6
445 7
336 8
874 3
51 8
450 1
582 9
38 2
725 6
753 7
738 4
754 5
446 1
202 2
755 8
109 2
360 8
674 5
427 5
639 5
673 10
603 9
556 5
829 6
425 9
1 6
68 1
310 9
317 9
407 3
859 3
366 8
734 10
745 4
328 6
186 3
468 8
251 4
838 5
573 4
442 5
106 7
812 3
790 8
346 4
188 10
439 5
865 1
808 4
62 1
70 3
999 4
240 10
626 6
631 6
133 1
411 7
803 6
758 9
74 2
816 5
103 4
283 10
576 4
975 3
277 1
689 8
165 5
480 1
47 10
46 4
233 1
910 4
24 9
825 9
598 7
326 5
442 7
138 8
140 7
293 5
120 6
176 1
142 2
602 10
860 4
494 8
16 9
537 6
508 5
835 4
562 4
606 2
555 7
234 10
804 7
481 9
127 1
247 6
627 5
209 9
522 3
567 4
179 6
569 8
189 6
284 10
431 10
33 8
617 10
229 6
473 2
130 9
170 2
93 2
254 5
767 6
669 3
944 10
657 2
587 10
410 10
496 5
369 1
185 3
550 4
146 6
36 9
629 7
264 6
42 2
930 2
560 3
36 4
544 6
951 5
951 3
190 10
334 4
263 3
214 8
479 4
935 5
861 3
920 3
798 2
683 10
888 2
149 6
767 10
851 5
378 9
522 7
174 7
847 10
398 7
35 7
900 8
395 6
72 3
865 6
288 4
56 10
194 4
268 8
723 1
198 7
934 3
930 3
47 10
973 7
236 6
696 8
737 10
401 10
516 2
187 3
380 5
314 10
285 4
720 5
676 6
658 3
772 5
852 8
865 1
950 2
847 1
639 7
281 3
495 5
462 10
933 6
691 7
802 5
820 1
211 3
733 9
578 3
295 9
326 10
652 4
44 4
953 2
986 6
620 10
944 2
327 3
903 7
46 3
773 7
415 10
518 3
149 6
517 7
308 3
997 2
458 7
297 1
928 3
76 9
328 2
691 3
393 9
521 3
322 3
181 9
250 8
711 5
670 10
700 9
463 6
321 1
398 9
403 9
235 4
961 3
454 2
362 2
281 7
632 1
160 1
676 7
497 5
510 6
11 2
206 8
381 7
46 5
739 2
204 8
344 9
775 1
992 1
725 4
159 8
446 8
802 5
584 4
955 4
213 3
234 2
450 8
430 4
426 5
55 1
865 3
559 7
676 3
878 8
926 6
499 2
835 9
948 3
667 9
664 8
777 1
994 2
771 9
194 1
987 8
70 1
381 10
213 7
316 3
922 1
269 3
421 3
