1000
159 743
24 240
288 272
128 792
135 94
922 919
601 751
355 890
75 549
68 518
264 463
85 545
651 820
740 429
574 929
5 969
359 33
857 115
253 669
145 752
51 821
884 538
173 217
611 49
395 34
474 466
611 486
743 900
864 276
832 970
900 977
853 706
298 746
831 937
757 1000
703 189
494 584
843 308
719 407
687 265
384 524
838 471
715 770
888 762
207 448
915 121
148 686
912 326
70 14
1000 849
142 718
237 664
738 965
548 978
209 581
380 821
236 873
217 308
662 866
180 558
58 604
70 765
994 56
385 100
466 723
856 267
796 796
376 398
628 24
795 689
175 560
648 111
180 667
642 169
206 684
557 16
796 142
481 149
132 192
419 208
214 750
221 604
378 944
978 787
437 8
735 968
232 40
436 219
96 631
112 702
602 864
451 225
654 904
853 436
937 912
62 572
160 839
777 325
863 750
722 561
441 335
336 840
491 735
979 140
967 418
871 489
633 783
396 1
107 586
588 943
450 914
822 583
335 609
471 829
734 506
717 407
709 859
348 115
692 143
302 720
489 932
762 366
638 427
545 419
795 559
61 855
244 421
674 174
383 949
130 908
538 828
690 893
519 417
372 26
3 296
18 663
326 486
804 296
390 668
762 194
47 738
455 409
921 511
517 301
62 831
877 170
503 771
647 306
77 678
224 515
765 71
236 97
582 979
79 447
268 999
559 606
575 696
310 933
507 968
422 388
122 153
431 789
314 970
377 581
508 727
348 426
891 858
439 796
842 107
21 509
243 623
474 734
356 371
565 60
546 449
343 518
16 377
764 12
572 710
634 134
3 200
390 322
679 775
952 270
897 606
221 172
144 93
196 281
924 140
67 216
492 100
156 744
974 178
902 646
555 350
558 937
489 975
59 342
911 768
556 422
784 738
699 738
562 465
549 178
20 552
856 154
102 332
963 337
399 898
493 482
834 354
471 398
219 741
680 761
124 867
170 884
287 938
698 793
366 11
753 474
840 483
984 111
314 293
65 775
18 704
167 647
54 734
353 455
800 172
772 278
159 918
141 341
201 856
256 655
110 29
115 891
43 535
942 755
316 362
319 822
692 643
498 765
101 714
411 83
30 739
197 390
397 716
255 116
426 351
310 31
103 207
157 489
621 630
340 653
420 262
52 556
319 302
326 152
856 234
158 14
748 662
446 293
6 780
433 434
575 63
301 806
337 570
503 49
950 50
541 298
493 335
159 472
82 459
521 156
662 645
163 532
35 417
559 569
977 699
231 340
729 598
991 570
95 186
894 849
697 111
105 166
922 300
126 65
15 550
742 256
727 219
57 498
217 884
115 356
674 118
871 244
570 936
547 976
635 953
5 43
647 25
807 626
249 759
608 644
36 115
206 699
219 66
646 902
358 252
258 199
704 577
880 319
220 598
94 426
11 911
571 633
229 947
711 992
85 146
81 226
815 178
551 917
387 479
678 41
980 805
234 538
874 428
581 158
422 672
343 869
99 943
47 473
200 812
86 494
133 292
377 570
931 607
34 459
708 509
524 945
250 162
934 770
906 662
798 996
574 146
734 31
95 924
694 662
753 381
260 847
263 452
696 275
697 538
583 579
866 612
497 349
953 513
233 414
901 419
645 264
411 923
464 728
611 437
951 716
957 854
205 565
701 299
176 662
200 227
459 890
671 393
332 692
621 835
647 275
39 16
950 322
807 143
496 203
168 965
739 934
878 251
805 447
169 160
886 843
50 87
253 616
224 920
761 575
356 527
120 690
647 375
707 834
418 121
840 247
193 87
233 436
907 261
769 423
892 283
759 703
538 867
179 675
891 27
374 160
823 279
292 633
118 138
270 505
687 693
918 179
604 341
780 824
663 883
909 692
320 710
107 872
791 610
125 745
604 750
86 178
193 219
136 987
774 224
826 155
360 251
382 105
223 339
425 229
497 121
449 647
596 785
888 713
142 833
242 682
95 572
777 376
866 289
524 954
377 788
661 300
757 891
117 655
149 43
958 560
262 507
221 304
888 477
271 250
43 804
8 857
833 976
590 833
710 708
405 821
490 585
448 213
884 352
195 384
826 611
807 459
248 455
655 366
879 657
547 741
444 738
636 438
595 886
46 622
168 369
940 559
254 395
20 850
115 346
500 493
982 236
720 57
725 792
621 28
613 646
5 628
950 304
329 495
133 790
858 788
31 433
344 618
552 62
655 577
192 223
646 107
491 170
333 132
816 507
494 549
741 165
407 576
638 768
822 829
809 163
426 147
179 437
478 441
83 523
545 103
635 99
797 495
751 401
348 780
567 828
83 163
760 86
43 573
172 81
629 164
742 821
549 267
351 324
567 537
195 775
383 633
943 650
55 353
593 854
744 220
350 232
592 399
863 707
139 277
624 77
856 16
486 518
586 12
434 585
919 623
164 637
484 42
816 36
918 266
608 515
790 251
432 174
155 275
718 80
73 745
525 912
185 355
648 700
392 261
906 897
274 852
315 661
727 75
595 20
415 275
271 706
313 506
655 744
347 554
186 33
195 224
232 421
894 305
233 310
1 444
853 991
841 444
818 121
537 502
991 393
626 814
513 467
560 158
163 769
898 232
838 85
573 264
493 487
272 3
579 919
606 462
623 412
303 338
395 94
118 764
413 266
252 444
764 807
832 714
124 837
899 145
585 748
296 291
674 971
517 482
370 910
373 301
426 605
572 612
493 815
389 732
766 293
235 477
347 409
981 982
646 98
253 97
277 501
16 416
922 268
969 126
652 371
794 746
902 634
363 118
82 178
114 282
924 167
339 711
419 599
451 687
509 506
895 396
962 939
166 945
365 816
972 173
110 584
875 87
759 367
930 454
903 511
44 752
480 813
464 87
743 91
954 107
841 716
692 632
621 726
630 513
977 50
601 659
596 986
472 553
736 656
709 196
335 661
520 96
632 705
657 195
787 950
344 845
150 73
234 436
822 731
184 198
344 862
827 217
746 300
33 187
718 156
809 584
599 884
623 336
352 156
823 407
791 385
396 844
114 495
367 109
201 831
928 103
837 603
830 324
988 771
266 661
327 141
621 674
409 190
721 454
392 830
118 486
983 75
669 115
677 699
324 905
908 346
543 522
986 953
700 634
560 292
504 92
495 967
509 684
421 288
501 313
448 602
984 159
300 870
764 896
338 207
164 165
148 214
523 95
231 516
674 382
982 198
910 416
386 765
707 842
896 641
283 792
452 825
199 192
883 471
618 761
681 983
196 80
969 177
88 567
523 305
412 731
689 612
838 506
728 446
873 763
410 777
18 689
22 853
175 793
194 424
453 445
948 737
839 620
517 619
570 745
643 424
336 167
555 5
631 875
168 961
226 405
503 334
422 998
250 284
647 782
349 807
687 915
147 252
538 380
145 858
445 456
160 795
397 311
413 508
138 461
538 174
698 249
490 114
799 157
691 231
566 704
223 321
279 273
544 292
525 528
669 358
180 910
499 783
922 230
991 357
385 431
314 330
229 927
736 469
426 600
632 642
868 503
193 558
964 457
593 517
45 529
410 43
447 488
286 936
483 937
17 288
817 938
958 618
508 324
246 837
543 443
402 547
359 437
637 245
561 695
280 743
584 435
115 435
999 951
82 673
387 983
697 458
916 700
80 178
660 258
551 548
456 947
390 61
994 771
341 940
400 375
199 54
830 896
824 699
325 600
269 825
484 131
336 152
608 808
731 474
490 865
388 994
860 21
50 848
497 976
190 988
860 12
971 717
649 751
393 596
11 587
31 243
823 646
743 207
845 141
5 494
81 503
149 625
748 745
184 976
475 331
273 958
369 585
493 574
529 925
84 594
60 930
557 396
40 979
570 150
345 513
803 396
259 651
569 198
217 98
855 163
248 690
767 898
929 960
119 307
3 633
175 702
247 672
253 165
369 460
303 314
662 147
758 974
677 976
819 221
899 480
67 888
811 137
111 238
71 375
539 141
95 795
308 575
424 384
475 66
534 95
673 7
601 552
740 872
359 853
601 586
725 424
313 780
801 598
590 806
744 310
247 67
458 89
102 669
715 794
429 647
543 414
119 257
554 577
813 837
88 388
688 431
282 194
820 59
343 78
35 364
814 207
202 617
34 750
418 295
81 758
687 37
249 701
162 496
604 820
840 236
171 138
968 899
234 371
207 910
37 939
415 966
228 104
118 541
32 627
342 964
160 137
364 774
797 617
696 227
655 938
874 247
650 199
848 391
889 200
670 789
897 689
628 399
730 616
770 464
365 648
365 519
68 84
620 966
776 417
365 604
803 570
500 12
801 230
163 981
387 536
793 465
844 484
888 774
241 22
311 356
389 741
367 119
684 593
520 982
631 639
533 719
868 971
815 9
291 98
85 422
606 991
288 421
764 507
499 67
121 702
254 649
80 297
99 475
631 530
199 884
495 53
317 390
545 774
282 882
703 130
528 720
104 49
376 141
358 576
382 639
890 890
104 825
89 489
516 312
471 142
847 381
868 868
260 531
724 811
891 355
54 717
240 299
988 363
