5000
230 9
461 4
81 67
433 32
126 57
710 4
391 7
48 76
132 93
423 58
929 90
618 43
453 49
352 5
973 57
180 99
687 88
966 21
576 33
505 23
629 54
793 13
228 50
370 35
158 9
336 56
384 16
597 47
208 79
17 86
215 72
401 72
113 31
508 40
463 21
980 31
405 47
664 85
176 66
626 37
409 40
648 54
512 69
587 99
563 11
9 43
505 53
594 49
513 46
558 56
291 9
719 27
918 59
171 8
591 9
115 58
11 24
134 57
492 57
75 89
278 71
217 70
304 20
347 99
3 5
648 23
428 69
476 62
325 37
273 10
557 23
890 4
498 75
290 67
899 51
326 66
355 31
768 21
773 22
12 99
620 37
278 59
904 10
31 97
267 73
933 5
974 30
559 19
626 43
684 7
963 52
521 28
960 48
55 78
933 38
295 87
120 100
206 4
299 99
820 12
532 14
680 21
551 6
315 80
314 16
619 100
141 36
434 31
78 11
39 69
278 24
286 30
445 45
513 7
183 48
367 75
8 92
275 99
613 53
248 67
973 49
39 52
251 85
850 59
618 71
100 75
375 69
314 25
113 88
986 54
655 10
154 69
207 32
278 40
707 8
347 90
892 49
1000 13
99 34
673 12
385 84
173 59
423 68
192 35
392 42
436 88
413 94
745 5
913 95
974 15
676 23
541 58
101 24
414 70
695 91
193 80
812 45
492 40
998 88
659 42
879 53
947 85
293 89
710 90
455 72
559 29
725 27
908 7
379 13
597 92
601 13
902 15
58 43
244 86
6 60
968 96
399 66
162 84
553 45
990 28
164 20
53 63
274 16
590 1
442 32
807 87
630 30
766 50
483 93
714 65
860 54
885 74
476 28
952 78
10 91
531 63
295 48
342 65
616 38
945 62
802 16
976 55
432 61
777 81
723 59
1000 78
914 47
712 4
112 90
515 51
827 27
147 79
270 53
845 65
486 94
11 58
812 51
763 62
599 85
478 69
564 51
163 56
31 63
626 46
199 68
5 66
623 96
702 61
252 65
303 45
347 35
103 45
975 77
587 71
204 31
718 86
587 91
1 42
813 63
612 9
986 11
76 52
375 52
993 85
502 96
13 98
193 38
896 86
488 10
489 77
515 94
727 13
142 10
869 48
207 7
441 53
744 19
182 79
340 15
768 3
255 15
794 55
992 47
859 39
550 16
448 1
607 9
247 45
975 71
597 13
710 86
937 46
129 36
735 35
405 96
716 7
110 89
236 41
146 23
491 64
698 14
933 41
525 58
596 17
637 69
680 11
245 16
885 7
565 67
503 90
123 6
970 76
264 22
940 74
398 77
573 11
199 1
101 16
992 77
892 11
648 64
553 94
225 40
529 79
261 71
951 47
32 24
666 67
379 64
800 52
264 39
674 64
935 25
594 51
30 5
636 16
304 22
934 61
521 87
728 31
441 8
83 92
898 50
111 83
543 75
981 23
655 99
850 88
113 87
539 4
108 32
767 89
624 24
500 64
43 6
924 16
418 6
254 23
437 31
280 9
231 50
734 1
696 10
316 99
911 95
88 91
519 10
904 59
630 61
24 40
471 2
802 65
882 67
479 13
116 28
185 85
368 64
523 20
472 58
505 43
728 33
465 92
528 67
825 31
734 26
679 78
515 91
683 21
168 88
862 6
264 82
969 2
22 35
302 36
424 98
864 23
249 20
741 70
242 96
972 75
696 90
419 84
289 34
392 69
333 27
578 3
317 41
717 37
361 88
380 52
265 82
695 63
834 88
797 58
533 3
489 8
639 15
861 67
682 31
656 34
654 57
582 76
873 23
105 1
426 2
543 94
695 18
393 45
253 100
849 14
529 90
526 49
787 49
478 24
128 6
846 31
868 97
420 58
708 17
710 81
734 86
62 13
118 44
30 90
181 83
195 98
602 49
986 95
570 83
830 17
933 90
101 47
328 48
380 26
215 55
355 29
721 25
54 15
668 17
580 62
788 50
490 79
110 33
95 79
756 19
406 75
141 18
286 64
533 82
415 74
997 76
728 71
288 18
524 11
539 87
954 52
873 47
598 59
607 44
739 52
591 97
936 21
955 4
360 26
865 62
302 96
722 85
446 91
702 49
940 73
982 29
301 23
296 92
395 33
400 10
415 19
150 76
23 89
228 81
535 11
972 12
943 55
794 75
207 88
138 59
415 92
860 17
943 8
27 76
7 65
583 46
303 23
676 25
715 72
648 96
565 13
926 31
454 8
587 82
954 93
764 65
823 40
293 54
728 3
89 48
122 65
338 42
853 2
460 90
75 82
408 77
638 81
250 50
828 27
309 96
686 70
30 16
985 38
85 38
635 55
807 36
789 81
353 9
617 23
947 93
314 11
398 89
141 7
261 80
1 62
347 7
804 69
852 29
433 99
189 14
565 26
832 54
226 29
702 3
424 34
52 26
915 16
45 36
658 74
293 1
261 7
736 3
571 50
255 40
614 61
976 3
171 25
569 36
82 30
897 72
567 81
819 24
104 75
689 63
741 47
956 1
966 47
516 39
44 99
106 49
179 59
938 99
992 20
599 14
462 85
367 29
455 85
551 74
141 34
445 64
444 4
821 74
263 38
828 31
749 12
769 88
391 76
365 83
586 41
715 79
707 19
311 15
59 95
130 41
508 62
496 89
702 2
34 86
809 14
677 68
417 63
397 68
454 89
875 77
607 13
309 14
715 57
188 57
440 62
668 47
367 76
678 10
372 100
770 73
90 94
52 22
206 92
537 49
890 32
872 89
231 67
818 11
33 25
50 93
448 78
170 92
540 46
448 11
786 94
928 46
885 20
201 91
932 44
145 1
8 51
369 15
652 61
19 91
100 68
691 65
539 100
528 1
233 18
802 94
207 46
82 39
783 8
37 73
808 24
513 19
504 51
328 49
418 74
100 46
941 60
291 65
959 62
783 87
228 6
643 78
535 92
749 68
855 63
685 27
269 23
244 3
20 22
681 27
544 47
228 98
472 17
722 83
572 16
72 25
213 20
700 81
859 88
118 87
572 100
268 16
21 68
326 43
270 78
160 48
16 27
886 45
86 62
545 91
192 74
114 66
768 98
767 65
468 18
289 17
957 21
338 72
738 54
590 81
875 44
77 71
756 76
626 5
382 25
655 20
347 57
954 38
125 86
593 64
538 88
80 2
866 39
492 52
971 80
661 42
95 42
56 86
159 34
514 4
332 3
826 28
293 58
814 14
771 85
90 4
924 78
759 61
757 70
385 13
793 3
804 3
591 73
928 9
268 90
200 30
584 27
554 62
657 42
310 83
199 67
312 37
191 7
92 14
935 13
398 16
95 56
626 39
218 89
967 51
852 69
858 95
677 4
187 25
292 11
484 61
494 14
889 5
959 54
123 77
52 15
492 52
839 35
5 38
127 18
299 1
412 98
131 44
385 25
406 63
387 100
318 7
969 67
601 31
896 44
947 29
376 66
343 94
198 7
6 92
278 39
644 90
345 1
110 15
267 13
481 30
406 96
668 49
394 65
996 74
696 90
435 94
243 84
662 4
59 59
301 93
935 38
887 12
918 22
27 43
505 93
917 32
826 74
397 73
47 26
162 22
945 79
291 75
552 59
192 100
245 30
341 52
865 91
419 57
80 89
883 16
1000 88
736 2
16 85
59 89
757 78
310 59
262 6
75 41
96 4
306 66
674 97
544 48
210 32
159 72
662 52
919 80
163 13
921 46
163 13
735 12
952 98
916 7
760 52
469 34
116 81
548 8
192 86
382 80
199 7
139 38
277 35
922 68
248 64
973 99
594 16
139 54
869 16
92 81
178 71
292 100
579 63
652 1
61 32
12 60
972 54
390 60
851 99
26 28
17 38
901 12
171 29
109 47
174 26
10 34
430 1
457 6
136 95
956 4
183 46
731 47
322 7
521 5
595 94
365 26
583 42
617 95
691 86
847 58
244 24
244 20
573 27
569 48
462 27
740 30
77 44
999 12
153 92
447 27
364 97
406 80
985 36
103 59
734 31
44 52
753 44
509 6
167 47
266 46
851 14
52 76
562 56
322 65
998 59
36 93
862 57
374 3
824 60
904 75
389 56
620 80
605 11
842 45
932 83
798 34
138 4
91 34
701 89
252 79
342 4
70 2
686 5
633 60
796 72
352 27
785 61
352 55
617 52
876 4
519 6
273 51
876 22
617 47
464 66
522 11
252 62
281 68
437 73
30 22
434 58
736 24
611 19
108 78
15 66
226 8
672 31
209 95
320 79
918 83
130 81
554 66
857 10
915 81
232 56
994 80
991 22
382 71
639 58
792 39
365 4
519 95
749 39
881 60
840 12
161 88
819 40
529 20
285 39
191 79
872 86
262 49
770 13
70 49
711 6
187 81
947 77
791 51
66 90
563 19
584 79
757 51
59 91
987 60
140 35
157 93
230 38
670 65
694 59
385 35
916 83
110 63
57 85
760 58
429 11
957 83
958 11
591 73
969 79
747 66
700 30
586 25
429 5
511 67
372 87
93 79
459 87
587 75
740 96
390 71
148 82
310 55
61 43
72 9
371 1
387 96
723 65
939 97
958 39
785 91
212 94
136 94
338 99
891 13
949 29
103 57
981 77
754 32
814 3
945 30
796 87
200 9
223 93
861 57
501 73
851 45
604 13
33 70
622 28
756 22
203 70
563 33
12 58
355 46
221 53
425 1
352 37
841 23
692 76
533 5
324 40
881 56
983 50
567 50
533 57
114 65
572 35
457 86
611 36
825 46
332 94
740 98
797 4
7 32
934 52
147 32
287 82
9 21
693 39
254 25
194 5
469 47
925 13
767 72
914 72
698 70
538 76
418 39
437 17
594 13
970 30
683 96
600 76
551 46
810 5
766 61
457 36
221 13
632 58
107 100
226 75
645 6
652 91
251 47
639 58
700 23
568 10
937 61
990 38
244 17
588 59
899 92
802 80
368 65
154 43
754 53
713 35
693 67
416 15
988 73
179 11
508 74
468 26
71 95
997 1
51 42
62 28
343 9
304 18
323 39
389 6
419 72
457 28
357 11
804 78
779 1
112 33
282 49
537 43
817 44
548 9
724 78
980 99
773 68
511 47
409 44
875 36
573 71
54 39
725 44
870 8
589 52
187 6
200 26
560 87
300 49
240 21
536 50
513 31
547 38
196 2
477 34
10 99
554 18
228 97
344 12
313 12
309 21
600 83
131 39
960 14
809 1
585 46
348 66
423 71
273 41
138 42
832 35
736 16
807 30
861 50
72 69
927 79
115 49
333 46
654 66
118 48
474 8
469 93
50 2
755 28
545 17
819 87
654 100
564 31
153 23
297 80
654 41
492 10
148 17
906 48
764 53
556 52
157 31
547 1
472 64
853 66
432 82
10 70
204 26
431 81
855 43
494 72
227 89
384 44
869 18
442 57
925 97
55 87
788 36
980 57
157 30
934 68
665 41
763 19
200 81
697 64
997 89
939 21
805 15
714 94
543 35
984 51
589 89
455 63
468 67
932 64
193 23
219 75
518 70
150 96
228 33
385 84
938 90
270 29
744 34
441 12
293 20
528 70
634 90
197 40
510 72
506 79
729 31
233 86
885 47
877 80
308 53
894 86
307 88
99 37
898 41
112 73
402 8
462 84
416 8
662 24
382 13
957 68
317 29
285 41
530 62
933 48
16 26
461 95
650 21
892 32
615 79
707 11
922 65
504 69
336 90
486 43
20 36
356 53
18 18
29 41
274 76
672 65
622 94
945 8
34 89
537 25
605 11
29 73
451 21
793 89
566 58
632 34
335 44
926 23
535 23
815 97
470 50
701 1
730 41
690 34
37 34
574 61
955 59
166 97
443 11
73 71
335 67
409 88
812 35
599 57
695 94
176 63
3 44
470 18
115 78
906 76
903 40
465 78
62 18
808 40
405 43
13 89
559 3
219 87
305 10
624 61
430 3
432 83
996 76
285 14
931 85
648 66
738 6
689 48
723 91
324 41
928 34
612 57
719 77
147 31
11 5
482 86
866 64
852 30
381 57
449 45
948 95
881 85
889 79
574 94
870 51
265 49
495 84
988 11
919 38
849 74
45 24
26 36
937 76
291 6
583 74
259 57
476 17
350 52
941 54
148 67
776 51
69 32
887 29
468 6
140 1
147 35
736 5
808 90
561 10
434 19
499 4
717 47
368 30
242 93
645 64
77 70
168 53
196 10
532 9
689 37
852 85
833 100
102 45
33 85
593 90
848 6
417 79
977 34
107 85
286 13
538 91
799 89
978 3
995 10
473 29
272 47
951 29
49 51
61 63
953 21
347 92
839 29
129 54
819 84
579 91
652 40
172 75
20 55
280 14
296 56
962 16
549 19
130 51
36 92
752 54
137 73
92 12
425 9
452 70
171 86
216 53
902 48
515 54
542 68
309 54
997 71
992 22
120 20
129 5
181 87
366 27
992 78
460 44
323 35
681 98
82 71
958 69
997 64
114 92
835 42
639 99
66 77
526 51
161 70
35 35
925 65
555 58
782 14
564 76
272 62
682 21
647 51
500 59
113 19
779 53
990 62
550 1
479 93
26 12
607 89
909 27
343 92
43 91
492 65
643 14
417 85
301 41
133 79
940 13
406 43
435 12
174 100
302 84
564 89
302 55
398 86
109 11
40 66
209 26
558 47
257 88
543 90
959 77
945 26
436 90
250 87
469 65
259 37
198 96
746 69
342 96
438 52
552 92
52 9
518 92
572 69
867 32
449 21
74 98
914 50
354 53
677 52
229 48
156 19
8 49
350 22
700 73
405 52
215 72
163 41
991 64
14 9
704 1
913 97
314 37
535 81
468 31
142 16
847 21
569 64
381 22
398 26
773 48
654 44
489 99
246 68
592 34
208 48
159 11
340 42
993 69
329 19
605 66
910 55
846 91
461 75
795 23
586 72
939 91
698 48
957 75
225 9
648 91
240 3
906 31
405 17
27 94
627 7
830 56
743 63
969 95
51 42
918 41
359 87
546 58
819 20
534 17
397 27
656 52
996 1
851 17
900 92
971 51
768 76
362 14
733 73
372 55
584 74
645 80
21 42
30 25
751 57
903 47
38 62
324 63
987 8
808 82
671 37
495 90
79 22
316 87
771 39
967 16
162 99
991 67
341 46
532 99
959 98
556 10
389 12
271 97
259 61
623 52
36 45
859 9
215 92
329 12
875 99
901 100
195 85
168 55
15 89
308 94
477 92
89 34
239 53
937 64
268 5
994 40
466 54
207 67
27 13
204 92
542 91
547 51
182 67
259 8
972 52
298 55
416 88
6 47
598 42
986 13
339 52
111 61
244 92
380 13
21 2
269 2
11 50
879 72
469 35
605 33
598 2
872 80
962 75
586 69
626 40
114 66
900 12
626 56
115 94
6 71
874 83
538 45
258 69
84 93
592 45
972 21
61 59
410 92
625 78
868 74
581 64
684 41
993 78
866 69
90 92
835 78
392 49
921 10
949 23
407 82
734 22
236 36
871 35
853 44
487 8
400 91
868 41
813 62
774 30
73 81
926 56
364 66
323 58
5 50
717 98
553 55
635 94
176 48
205 92
275 20
494 74
42 62
713 28
651 33
141 31
409 57
520 2
447 86
707 43
306 13
432 58
296 77
318 76
88 66
544 52
109 37
164 15
236 56
313 49
701 97
509 37
897 99
693 19
590 91
327 63
790 7
430 91
662 1
300 15
713 26
127 12
735 52
317 99
501 52
399 93
71 11
402 2
631 24
409 74
379 52
956 31
348 80
120 3
793 46
844 86
704 44
987 31
379 37
261 60
362 74
47 87
645 2
691 90
424 10
98 9
893 33
158 49
72 97
933 84
176 22
879 6
577 71
66 43
595 57
833 64
187 81
154 70
571 85
818 54
576 59
257 80
111 3
644 22
90 17
364 33
451 23
78 88
766 2
423 47
744 71
679 4
661 100
67 62
422 12
492 72
991 75
114 89
498 68
517 43
513 19
237 76
88 85
597 13
520 66
574 84
477 68
562 18
773 75
230 75
707 65
716 61
139 62
121 64
635 46
653 12
677 40
918 2
810 73
318 40
73 66
278 66
829 27
722 32
430 9
974 20
512 68
896 1
573 67
322 11
796 16
863 53
548 54
551 61
944 52
458 76
549 20
509 23
905 26
164 51
275 64
755 69
322 41
689 72
724 81
661 22
33 100
785 3
930 73
473 65
196 30
319 11
324 40
975 3
718 66
384 22
839 21
995 63
662 55
295 72
849 53
16 31
601 45
595 93
567 5
695 15
220 27
436 44
680 22
707 33
748 44
88 78
880 73
599 30
970 13
423 15
871 47
98 69
248 86
202 5
911 78
230 11
320 34
345 18
788 42
789 6
407 82
75 30
915 15
154 31
601 74
11 98
301 79
183 14
886 50
19 25
807 48
930 61
643 52
789 21
329 44
363 18
607 28
186 38
36 85
677 37
492 70
766 12
991 24
933 16
357 60
589 2
426 65
927 13
981 66
811 13
794 19
14 37
563 18
820 92
322 1
503 44
787 31
721 96
219 58
805 11
608 70
34 72
889 98
992 13
153 63
739 63
704 16
606 66
775 74
281 19
241 25
52 64
806 99
772 61
249 59
605 29
794 8
940 90
91 89
986 99
65 3
693 45
597 29
97 34
383 88
905 5
76 2
176 87
860 23
56 62
109 29
980 4
785 66
696 44
468 67
526 69
50 10
332 50
753 40
300 7
377 93
138 65
223 93
950 14
258 74
439 2
373 16
779 27
200 23
478 75
647 89
4 34
558 37
948 24
607 57
257 52
430 28
685 2
399 69
937 4
567 29
298 39
595 91
201 99
463 63
565 46
218 18
240 89
742 64
415 18
506 18
909 34
59 79
403 30
553 81
67 18
406 77
50 99
993 38
781 15
511 83
175 68
711 88
815 57
375 81
457 19
986 65
384 73
442 12
756 5
974 84
603 62
902 15
751 6
660 51
332 41
30 94
948 37
236 41
943 61
727 90
240 7
884 71
504 100
731 71
840 82
372 95
447 59
101 62
143 7
427 48
711 48
415 19
903 6
287 57
393 95
281 75
887 94
471 96
703 21
489 42
512 47
103 10
692 70
773 92
384 35
327 37
259 48
811 56
777 35
448 38
847 87
935 25
39 3
645 3
585 5
924 12
178 32
465 91
142 35
174 41
970 68
71 10
961 39
543 43
769 88
217 20
454 2
611 12
524 46
700 89
313 97
448 91
423 15
460 28
873 48
724 66
532 99
743 56
180 26
326 32
59 23
73 12
820 41
240 80
837 56
930 50
376 84
490 54
599 96
845 96
409 63
668 60
503 82
5 61
489 90
735 37
117 8
271 4
639 78
852 78
390 34
61 46
838 12
542 34
145 46
539 5
74 82
325 14
375 88
964 27
784 33
799 19
892 85
563 99
250 17
856 61
363 54
676 91
276 74
111 18
791 77
787 62
708 88
312 10
956 50
421 75
294 44
725 91
216 35
287 70
898 90
690 99
511 23
958 87
125 49
211 91
695 42
63 63
526 78
282 56
104 62
320 59
135 83
985 42
344 5
408 25
160 80
957 28
60 32
606 17
782 29
343 33
907 11
143 23
451 98
534 68
521 17
373 88
790 80
195 92
889 56
12 22
820 17
255 68
847 2
837 77
399 29
241 77
228 14
275 26
197 26
946 3
992 73
522 23
873 90
571 35
11 66
51 94
475 34
393 88
454 20
84 39
624 35
710 96
485 92
369 31
836 91
481 90
987 68
522 62
489 98
817 84
540 4
310 58
966 13
919 89
730 81
342 76
452 41
844 89
258 36
667 26
50 25
823 15
143 30
797 48
224 46
554 67
264 42
494 53
777 41
707 61
683 65
523 9
186 66
26 90
135 23
904 97
908 12
317 50
493 77
721 90
680 85
731 96
534 81
732 1
468 27
557 66
850 46
389 8
758 46
913 24
8 54
185 15
916 99
472 85
716 94
743 15
38 3
14 18
677 93
872 7
407 16
133 8
801 55
280 67
106 74
346 59
934 36
864 68
351 8
897 19
45 1
452 100
1000 5
944 78
38 98
936 39
995 49
635 14
577 22
47 47
981 6
842 93
753 92
402 51
100 86
358 68
749 56
209 64
3 27
919 12
950 77
882 16
573 60
35 25
426 78
522 59
41 43
25 84
347 76
578 40
766 79
370 23
198 99
972 75
379 74
968 92
611 27
576 95
579 11
248 24
257 62
849 93
840 80
655 70
128 16
335 22
193 19
465 65
821 66
156 87
234 10
31 73
832 82
103 77
383 51
888 87
991 56
970 96
837 80
201 32
259 1
214 76
723 29
904 73
711 68
377 19
867 66
639 76
251 53
767 97
173 74
21 28
756 34
680 18
196 21
55 62
172 4
416 71
179 35
954 66
827 71
662 54
302 60
931 81
201 17
547 20
270 14
790 81
826 67
138 10
128 42
520 89
846 79
741 30
766 66
168 7
889 27
164 82
812 45
753 2
136 73
743 58
891 11
337 44
297 85
46 30
67 92
731 100
451 80
661 74
619 76
761 64
726 31
822 61
534 71
979 3
723 71
711 62
168 70
320 78
464 24
821 25
414 17
940 64
214 78
307 3
140 32
333 62
474 52
889 25
65 42
199 22
898 94
732 79
685 88
158 71
231 38
300 5
807 32
504 46
930 65
581 31
545 51
996 6
887 21
782 45
858 95
499 44
94 4
227 100
945 69
107 30
612 98
510 38
375 20
157 9
406 84
807 5
801 87
125 33
490 28
575 27
82 24
754 92
80 76
113 70
44 21
252 10
342 71
964 47
507 91
209 80
525 100
597 74
806 4
524 63
20 32
482 44
263 5
157 46
954 10
676 56
584 58
719 91
369 92
863 11
103 50
804 13
927 75
118 94
46 22
246 90
408 37
838 7
141 22
992 89
910 28
647 21
251 52
92 87
358 85
46 28
555 93
544 40
424 79
842 10
924 57
510 75
642 47
898 42
438 78
358 83
318 92
520 42
311 27
399 3
327 80
407 87
180 77
960 3
79 82
860 29
336 83
588 100
121 33
436 67
226 52
654 21
947 31
56 15
334 51
376 12
290 71
473 80
831 91
421 66
759 34
613 69
699 67
777 100
573 46
564 36
747 29
956 43
147 80
511 76
916 53
30 73
827 68
239 76
187 54
9 84
163 64
378 37
646 53
24 49
154 65
596 37
582 65
87 39
403 53
375 96
500 52
887 43
903 49
242 78
535 65
785 43
845 60
443 88
914 94
34 83
434 69
755 40
696 11
839 60
106 91
408 88
576 26
885 9
433 56
801 89
366 77
163 48
55 13
631 6
68 46
636 79
411 15
296 62
860 88
285 49
168 66
69 96
59 85
794 67
120 19
989 38
35 42
665 15
653 18
91 3
412 62
644 23
694 92
319 32
817 54
980 14
295 57
977 86
390 43
258 82
984 86
670 66
733 71
752 15
221 22
618 93
124 43
860 89
804 78
947 15
903 51
665 92
839 68
541 5
737 30
919 32
361 71
198 78
109 91
448 56
115 68
462 67
865 33
800 76
66 54
151 15
145 85
82 2
839 88
473 33
724 47
75 4
920 20
618 78
80 50
826 80
797 35
992 97
607 21
1000 51
493 23
562 86
936 70
359 12
471 31
104 35
442 52
759 50
693 82
863 2
519 71
236 63
40 81
164 30
161 22
410 76
254 55
881 31
520 16
112 44
817 34
796 14
315 56
696 24
6 7
660 80
872 37
382 95
124 16
904 84
166 88
590 20
52 5
673 37
238 5
461 8
181 7
311 83
693 78
50 41
473 78
886 80
260 73
464 62
625 67
237 81
484 38
345 58
256 27
58 73
234 32
235 11
874 91
466 91
47 88
117 20
926 76
485 23
716 9
494 51
71 75
331 14
963 81
797 56
980 30
176 67
788 78
36 52
775 1
729 83
406 100
356 86
696 17
44 85
628 60
706 47
480 85
493 32
22 60
352 73
795 42
128 24
216 61
375 22
610 65
783 54
436 3
695 18
348 77
146 9
968 84
903 58
259 99
991 63
955 76
619 92
731 56
163 82
238 77
498 65
624 21
711 44
171 97
567 27
806 90
249 87
976 18
82 19
591 62
870 46
57 52
122 20
75 7
905 56
84 12
148 27
102 78
416 57
496 45
181 70
101 34
658 71
882 50
66 66
18 79
952 97
54 10
224 26
503 36
270 47
379 76
98 93
578 32
372 69
609 9
536 67
998 9
18 88
325 76
129 17
515 17
323 20
121 79
548 95
908 95
170 69
31 95
282 82
9 64
703 33
744 33
934 86
768 54
485 79
285 42
698 67
452 88
848 73
131 17
621 39
254 4
937 79
265 96
922 96
255 51
454 57
304 94
606 7
806 54
28 7
971 1
718 61
74 97
827 17
385 94
169 69
750 80
439 20
370 39
66 47
130 16
477 28
445 29
347 76
152 46
423 57
791 50
432 64
238 97
289 89
923 72
488 65
436 28
588 74
614 14
699 7
733 79
806 23
694 39
1 69
735 53
327 79
294 31
906 67
691 93
63 16
718 3
794 85
75 23
389 10
494 60
506 43
406 3
310 1
52 35
186 21
392 2
857 65
157 46
109 50
494 71
123 74
176 20
95 52
9 47
204 44
626 1
975 52
316 69
19 53
254 36
314 64
816 41
546 44
763 78
252 4
6 83
917 30
299 7
423 25
983 96
780 8
286 34
367 94
161 50
49 22
854 98
564 5
108 57
553 42
990 87
957 57
444 78
574 27
521 37
687 84
608 98
454 63
791 22
58 63
173 20
339 23
909 46
156 3
863 81
175 22
827 79
420 38
902 23
523 16
61 80
711 22
605 67
442 86
190 29
101 92
158 76
470 80
835 45
100 18
282 32
503 92
836 90
930 40
254 91
794 79
563 29
303 79
278 41
454 56
244 49
225 60
495 12
211 32
258 76
551 73
461 13
770 70
898 57
794 39
794 49
260 74
849 2
964 24
397 82
811 80
89 44
36 48
290 26
358 4
862 11
582 66
786 64
297 19
854 19
954 69
933 48
349 3
673 2
354 92
257 20
774 23
573 31
811 42
718 8
969 40
301 62
5 94
175 37
839 77
579 90
784 7
160 61
491 33
687 63
466 61
765 51
887 47
642 43
747 23
333 9
816 59
526 11
36 75
725 18
65 17
504 94
114 49
943 28
917 56
734 85
386 36
995 22
346 57
703 85
217 33
811 90
545 60
137 96
186 81
51 95
632 65
364 17
487 73
455 82
745 48
955 100
687 67
251 11
519 14
199 77
783 94
471 98
412 53
751 5
472 28
278 72
866 25
954 16
438 71
421 44
216 1
43 69
374 37
635 17
152 35
865 47
715 84
291 81
651 23
545 4
851 94
805 69
443 95
143 2
16 97
882 23
723 86
20 46
678 89
800 25
429 28
568 14
375 18
239 47
409 27
186 26
320 29
774 15
277 89
965 10
442 74
878 30
682 18
300 69
579 76
440 84
554 65
594 86
145 98
661 8
23 40
877 25
152 83
674 44
398 85
710 2
718 86
489 43
96 13
296 40
956 39
410 85
150 6
81 55
342 37
522 84
573 22
855 69
945 86
301 19
36 32
721 28
827 74
162 24
66 45
827 87
711 26
31 46
939 64
149 2
118 47
441 99
69 65
157 8
712 26
774 56
495 17
925 4
406 50
754 41
292 16
398 33
34 76
477 98
476 69
947 90
303 99
59 37
789 65
963 48
319 32
483 85
41 93
59 3
143 94
8 84
837 78
670 65
496 43
260 87
946 80
23 13
307 53
759 82
380 3
762 4
579 76
12 49
390 45
527 69
769 75
504 41
859 36
108 33
464 18
603 66
938 43
539 91
380 97
700 52
522 45
640 12
167 83
602 90
682 64
625 86
667 95
166 6
571 70
195 49
816 44
541 87
126 80
415 31
854 63
794 74
980 8
10 90
613 16
1000 85
93 10
972 9
424 98
554 3
814 2
793 25
707 92
316 24
145 69
296 47
940 85
964 7
430 40
812 14
288 93
239 72
861 31
386 47
958 95
905 64
825 78
723 20
359 97
735 51
205 39
365 50
879 63
229 21
794 69
213 69
818 63
937 11
949 25
868 72
778 2
608 72
705 41
648 71
376 25
16 68
561 68
455 28
825 13
782 16
437 46
482 43
832 61
792 37
245 54
213 87
937 75
783 45
316 23
652 64
322 44
921 64
478 59
593 77
155 73
234 93
478 41
959 94
454 86
395 56
645 87
968 61
868 12
184 70
221 74
294 7
14 88
451 14
737 51
136 70
934 74
478 47
423 48
774 48
15 33
137 82
265 10
803 4
201 6
82 28
425 80
638 86
575 84
522 26
20 9
157 52
639 28
634 7
390 45
543 88
838 19
588 3
500 69
971 90
137 78
887 7
781 4
585 86
802 4
350 98
928 29
728 63
427 36
931 99
834 81
714 19
58 1
721 40
985 100
421 45
117 13
841 4
824 24
903 31
144 70
267 19
863 18
751 55
123 92
403 83
547 11
394 32
384 66
278 93
967 72
322 75
893 53
848 72
286 45
213 42
931 10
465 25
305 72
807 10
990 13
117 91
816 2
313 99
128 8
842 65
276 33
992 78
12 39
610 61
753 24
924 51
488 62
821 61
321 31
520 92
766 95
685 92
517 27
424 5
562 27
739 60
888 32
273 87
730 37
11 20
568 64
467 64
178 6
462 77
145 14
611 20
422 82
490 52
993 84
327 15
310 29
482 14
361 14
333 55
27 92
207 48
812 60
521 65
239 65
12 16
801 69
695 12
478 61
168 61
437 29
674 16
616 5
474 79
827 81
77 74
820 100
806 76
499 46
753 9
928 65
539 6
152 77
331 93
394 65
434 51
772 85
849 33
391 55
613 82
173 58
789 45
837 65
975 26
281 21
598 68
670 3
246 43
499 51
422 2
313 63
533 52
212 58
951 12
432 83
54 89
950 97
750 42
930 32
892 80
481 55
900 28
731 18
856 98
889 43
628 11
859 5
666 72
244 66
475 47
899 56
113 69
619 72
120 40
578 31
186 76
607 60
350 45
890 13
298 79
137 97
251 94
384 61
294 61
824 65
254 67
997 47
38 98
36 65
861 100
714 79
878 62
239 94
11 3
370 62
476 59
374 7
577 62
265 19
921 86
495 56
609 15
268 58
408 73
307 28
956 75
797 74
515 86
504 37
789 26
958 79
353 45
149 41
776 76
333 50
697 5
240 17
295 9
877 96
455 67
307 18
827 35
618 60
112 72
275 76
273 8
115 48
54 68
58 5
472 13
876 2
858 34
326 32
633 30
102 91
887 54
616 66
42 1
730 97
726 47
55 53
997 84
91 47
329 89
883 38
221 79
31 83
480 62
240 14
211 56
860 18
80 21
744 28
103 32
327 72
717 60
354 34
649 9
928 30
868 20
434 96
540 75
69 44
413 56
646 34
995 91
26 80
139 64
591 58
352 57
303 94
580 49
229 87
915 74
845 58
486 37
542 85
642 20
934 44
439 44
821 71
326 15
253 88
303 48
775 99
675 38
781 72
16 57
191 5
341 54
31 76
915 66
157 87
10 63
992 60
671 43
575 40
514 22
3 41
848 48
141 24
157 13
447 3
522 48
805 90
128 94
707 7
748 39
910 47
705 61
511 33
367 48
846 51
746 88
711 63
356 8
67 59
906 37
525 53
669 53
33 23
24 58
429 48
300 63
497 96
326 8
330 71
253 74
783 46
152 24
442 50
429 4
481 62
671 59
547 14
645 95
333 75
565 88
43 61
327 41
382 41
223 65
217 13
767 37
289 52
66 18
783 68
112 7
837 86
257 66
810 20
328 10
722 60
940 90
764 37
676 71
147 7
938 82
251 24
965 28
927 38
241 10
255 16
515 79
993 30
566 99
157 34
595 90
853 39
297 66
976 97
544 97
310 34
298 64
18 70
963 32
131 31
927 66
313 83
167 78
967 90
956 42
219 50
724 20
912 60
998 6
613 11
328 37
5 23
432 10
141 45
431 53
349 81
70 85
770 58
804 1
961 58
375 99
485 55
68 73
389 13
115 62
630 11
970 63
106 37
528 79
339 87
847 51
769 9
227 86
364 79
953 95
116 11
393 61
547 94
964 61
54 76
367 24
617 56
350 35
151 66
896 84
172 54
672 79
513 43
689 71
228 36
681 99
900 76
741 100
891 19
152 50
753 19
71 26
774 97
242 5
466 61
402 8
202 71
701 37
255 49
984 34
3 26
506 73
343 8
559 72
558 57
398 32
601 93
272 32
52 36
965 25
79 43
14 27
629 28
488 48
591 66
20 7
449 30
914 4
911 81
110 16
969 45
739 95
749 78
13 69
549 68
738 36
117 7
457 48
130 86
180 22
815 78
561 98
548 14
797 41
951 21
743 2
902 50
5 58
148 12
759 20
48 87
470 49
116 37
681 80
747 14
997 20
374 86
456 5
607 12
433 54
155 84
767 86
864 16
644 7
921 84
656 56
349 49
252 76
27 35
810 27
41 66
455 69
691 30
176 19
195 89
168 32
274 33
748 43
727 5
519 5
738 93
839 93
977 37
664 34
134 89
296 61
523 31
85 89
431 95
883 97
830 81
74 35
35 10
134 47
510 86
663 54
391 32
348 89
251 19
77 35
653 41
824 75
503 97
224 17
868 60
796 85
846 33
772 57
101 57
310 60
477 35
212 65
561 99
738 78
475 47
460 50
691 64
857 10
377 51
305 71
30 88
966 74
794 36
257 33
541 70
242 72
303 77
201 49
702 59
530 87
895 2
344 92
616 9
277 10
142 81
642 81
100 93
220 87
652 67
158 93
245 52
776 43
914 97
500 26
558 4
997 21
420 58
239 30
554 82
310 61
876 2
949 21
430 86
559 66
786 46
488 44
173 41
938 40
733 39
4 71
297 36
363 49
713 84
900 98
452 70
586 100
997 18
600 82
814 86
884 87
248 1
903 52
423 94
885 30
643 9
590 5
422 98
405 96
970 11
911 5
923 69
272 30
415 89
869 43
45 53
442 86
614 42
829 68
421 43
766 64
686 9
690 35
1000 99
459 95
463 64
43 52
363 53
187 44
20 91
521 21
19 92
405 13
214 69
205 77
824 4
926 31
527 69
756 70
11 70
533 97
429 9
550 11
135 96
906 69
508 79
841 59
9 40
377 99
586 92
374 8
245 49
625 89
785 31
373 46
838 24
668 27
456 100
289 95
943 85
581 49
364 61
366 29
772 37
915 79
755 71
225 60
229 67
836 85
846 33
985 86
372 35
353 23
207 76
642 30
621 55
264 81
32 57
596 32
660 56
610 74
53 47
809 22
361 75
183 62
534 41
142 65
411 98
544 46
539 31
710 56
880 64
735 8
629 10
823 33
956 33
839 65
396 75
211 91
452 3
310 81
124 46
603 15
484 52
203 48
753 33
55 54
751 4
521 96
199 15
6 83
602 94
564 98
934 21
666 72
164 86
690 95
590 69
982 35
55 100
462 97
984 19
386 38
302 2
773 91
164 30
256 79
809 22
479 64
568 76
426 78
627 39
517 42
873 46
90 31
402 52
370 73
510 6
879 74
430 48
675 22
891 65
221 67
929 36
472 13
492 76
563 26
639 61
876 51
282 58
289 52
255 87
427 95
390 55
544 35
256 30
440 25
204 55
969 18
792 96
498 21
435 55
278 3
526 79
708 13
961 46
106 74
91 29
629 7
547 28
766 61
135 6
953 46
848 92
805 95
635 45
477 25
181 92
352 20
591 51
41 58
369 49
201 20
403 36
452 28
498 71
921 40
594 37
298 42
386 10
809 4
799 94
508 24
433 44
611 93
572 87
307 49
12 23
772 43
335 88
713 71
773 57
640 16
215 49
627 94
998 76
631 36
511 88
790 70
841 63
883 56
324 47
709 65
598 75
483 52
933 56
316 44
928 71
817 41
902 96
348 78
185 97
322 39
436 60
61 32
240 9
631 91
878 72
854 42
513 89
941 56
706 5
645 82
425 82
220 9
803 81
337 40
272 10
616 37
490 52
436 1
771 35
759 64
188 96
682 7
980 67
101 6
592 21
631 96
481 28
883 41
377 60
742 71
300 26
926 37
377 54
568 100
916 40
840 2
876 74
380 92
806 54
965 83
633 79
750 75
628 58
425 8
347 37
463 3
52 74
648 61
473 8
674 82
147 5
104 81
293 6
20 11
47 50
921 8
667 97
866 26
785 76
181 17
289 84
852 25
541 82
633 69
131 62
619 35
454 29
506 13
161 58
219 12
730 52
587 66
938 70
690 26
789 41
114 42
378 79
173 88
470 13
801 15
955 94
720 23
588 7
168 30
877 100
105 44
989 9
769 99
445 59
709 63
802 83
389 36
71 49
133 2
19 73
551 16
367 39
146 44
737 47
754 81
792 28
40 68
168 49
444 1
285 63
511 30
970 50
24 1
415 56
761 17
734 85
496 76
770 10
596 36
281 58
58 1
364 25
154 72
659 45
924 13
328 27
710 80
317 63
865 51
817 14
240 62
645 40
375 28
412 63
179 10
106 54
602 24
911 74
810 93
285 63
918 65
785 19
172 49
682 51
291 80
202 78
40 38
631 3
379 47
439 81
404 24
891 60
691 63
641 63
482 3
765 50
659 29
460 5
195 78
610 99
583 86
448 40
109 72
600 47
636 24
791 57
892 10
148 37
316 36
250 17
529 45
667 31
665 39
30 68
396 34
862 8
503 72
81 78
132 97
76 78
813 35
432 43
262 23
851 99
44 37
226 66
260 15
962 49
105 79
848 23
108 64
936 97
36 50
414 50
21 53
665 74
999 86
562 95
357 70
284 31
972 87
470 79
549 64
242 62
680 87
236 39
735 4
536 77
511 40
426 25
853 8
252 19
348 3
694 95
434 92
258 32
872 57
178 17
212 87
801 63
398 37
521 76
664 52
690 18
153 44
109 18
990 3
125 14
683 18
35 80
122 90
821 7
148 55
338 31
473 100
860 59
389 72
428 69
76 66
15 81
428 72
893 24
364 23
715 71
688 64
311 42
401 15
611 39
829 64
124 4
656 13
44 73
779 12
775 97
200 65
1 23
164 73
729 30
910 93
994 92
701 14
174 34
116 17
674 42
98 43
90 92
297 67
384 75
669 81
276 75
411 42
735 7
219 69
91 74
341 49
739 76
414 57
635 42
226 43
219 3
913 100
885 69
312 31
203 60
862 86
610 93
368 3
686 40
469 58
307 21
693 95
849 13
966 83
190 10
983 17
615 22
95 97
776 71
586 65
696 50
903 16
197 5
9 80
10 45
802 72
914 53
449 78
572 40
327 24
955 54
123 68
722 59
873 29
335 77
55 92
238 22
510 51
705 100
208 10
661 85
952 7
84 61
753 15
213 51
837 6
426 59
850 90
71 40
405 100
485 68
21 55
166 79
92 13
7 61
440 66
108 6
393 51
691 93
804 47
651 99
934 46
215 62
489 79
351 61
164 42
877 44
832 97
134 65
280 99
238 96
772 13
471 48
148 95
670 71
201 8
645 26
557 20
657 48
84 40
12 28
698 52
254 19
637 24
792 59
297 13
291 99
471 44
68 24
341 15
44 95
803 39
262 53
503 84
795 23
517 39
633 14
602 75
453 84
335 30
668 56
705 43
384 9
27 16
410 19
430 29
290 40
315 55
165 81
83 23
906 92
259 60
461 33
487 13
330 39
420 78
61 6
562 10
826 94
580 23
97 68
404 36
915 50
802 77
670 5
294 42
495 57
647 82
381 57
985 14
573 53
344 23
955 15
802 67
933 18
451 53
572 5
362 56
937 51
415 27
27 32
827 65
699 97
304 63
411 26
341 83
891 44
368 82
18 46
323 49
226 19
531 79
138 7
345 65
497 92
481 60
608 23
943 13
264 53
81 74
680 43
407 21
3 34
921 67
23 68
391 20
832 8
103 24
846 45
376 3
269 61
455 31
751 62
346 62
224 91
765 43
496 48
16 3
883 51
743 89
340 20
536 29
250 68
548 82
942 54
698 52
286 94
683 25
160 68
165 98
840 96
15 99
590 52
996 63
16 71
352 73
859 68
55 94
517 39
881 43
722 49
143 63
142 39
427 59
57 84
120 23
178 75
368 10
599 79
524 62
824 65
566 100
182 89
146 63
412 96
815 31
392 69
404 29
72 43
556 10
918 56
300 88
543 72
11 27
938 29
404 71
15 53
717 27
294 73
300 76
335 74
517 7
21 67
175 62
209 92
526 28
566 64
639 88
199 7
547 75
137 94
456 6
770 4
845 85
918 86
117 84
86 3
70 16
28 14
74 37
165 95
873 40
338 18
769 59
423 10
906 61
176 42
540 52
261 35
184 95
442 40
179 68
230 10
117 41
789 13
646 57
502 91
572 41
879 34
215 41
297 57
775 81
747 55
812 40
390 83
579 8
245 27
194 37
869 38
949 54
17 91
986 39
727 18
300 40
391 96
556 97
845 56
579 92
917 58
72 23
935 12
436 9
600 13
679 32
520 45
599 91
821 3
926 74
962 68
710 25
429 15
828 54
614 91
709 73
263 89
97 98
414 82
815 94
208 23
574 49
303 88
826 77
70 24
171 67
700 85
584 67
166 7
330 60
376 60
767 35
403 59
829 81
405 16
911 61
150 24
407 93
297 15
228 19
711 57
50 66
365 42
526 41
747 71
313 2
426 5
686 84
598 36
763 89
265 22
847 9
637 42
395 60
283 60
785 83
545 82
685 36
837 51
864 55
457 67
379 62
345 1
579 51
943 81
389 15
154 67
719 77
578 17
512 63
574 43
708 8
93 53
981 29
254 9
643 47
23 83
589 51
170 74
879 36
544 84
734 20
122 42
813 74
476 67
344 10
644 44
181 64
511 69
349 60
704 55
646 16
50 90
127 47
534 99
870 37
181 82
892 20
623 97
811 21
646 49
513 63
87 99
395 50
324 26
473 86
257 82
358 75
443 17
655 46
385 90
435 71
105 37
327 31
825 87
7 8
126 49
506 47
508 17
280 66
276 75
816 30
518 79
13 78
21 44
317 76
823 65
741 77
293 90
547 50
367 38
363 78
973 26
888 77
425 30
947 58
282 87
986 27
766 48
587 48
111 73
467 67
760 25
20 26
564 10
12 56
794 16
749 56
827 14
101 76
149 2
595 17
492 27
756 11
959 100
191 25
895 97
60 40
567 21
40 38
442 17
854 46
385 33
524 78
698 71
148 1
550 12
480 82
262 42
269 44
621 63
467 63
956 5
707 15
247 53
449 88
660 57
363 79
332 100
123 56
544 72
586 73
43 39
271 14
926 49
829 71
134 27
854 6
283 81
508 47
554 7
810 70
384 23
787 88
951 33
267 2
349 35
635 8
726 46
287 2
99 82
209 69
382 52
95 75
220 42
554 89
825 51
367 79
146 48
116 86
734 13
427 40
31 27
860 71
874 48
789 34
744 97
959 100
50 69
268 47
439 39
524 34
489 52
382 68
421 15
113 57
840 84
823 52
211 40
113 37
260 41
4 84
766 88
313 69
65 60
335 3
870 6
214 63
161 71
190 44
673 87
466 35
214 53
307 95
300 23
356 37
125 99
341 79
856 39
235 4
802 32
754 5
258 91
134 7
830 87
825 70
990 93
774 56
903 55
28 46
505 15
468 82
913 80
622 64
830 76
161 8
605 99
211 63
342 27
286 100
817 84
160 37
36 77
966 61
134 86
516 8
134 96
419 10
412 58
25 10
892 7
22 13
492 47
675 62
207 84
45 16
271 13
298 3
436 16
367 36
840 10
498 74
420 95
327 59
776 69
189 68
203 71
624 33
830 48
252 92
848 1
982 64
373 13
56 36
888 77
261 72
478 32
947 37
212 100
470 41
489 66
845 10
304 92
764 77
115 94
434 63
19 75
844 84
922 54
425 3
206 17
462 74
702 86
958 2
679 40
602 76
849 46
321 3
525 20
779 1
827 96
20 9
402 26
998 11
160 71
993 82
831 97
606 43
448 59
70 71
880 85
510 35
268 98
984 93
896 16
658 95
369 60
851 9
647 40
427 88
119 24
719 66
349 98
914 32
280 52
345 83
101 58
995 59
603 49
779 80
197 92
620 49
260 95
914 2
490 45
258 92
687 87
665 53
280 32
29 71
152 14
334 76
439 35
479 56
608 37
539 76
154 51
291 50
239 85
423 2
529 1
600 67
469 66
876 47
784 81
773 94
573 1
290 51
683 10
176 57
607 68
953 17
704 74
761 69
253 79
538 13
936 8
333 1
512 8
204 74
145 41
951 49
14 42
118 76
672 22
790 11
711 29
838 35
895 46
477 67
604 63
771 72
253 73
741 12
486 12
601 27
678 9
6 80
578 36
333 61
678 16
259 76
856 81
704 22
457 90
245 14
164 95
961 20
894 18
433 5
650 31
473 88
332 26
558 16
896 90
884 67
549 40
49 18
531 96
885 33
957 59
135 60
