6000
181 1
935 4
753 9
334 5
787 4
147 8
457 4
103 9
903 8
802 5
155 5
381 2
593 10
832 3
362 2
720 9
579 5
689 6
263 2
243 7
117 9
707 8
881 10
509 2
849 3
958 5
69 6
913 7
740 7
566 4
42 2
920 8
866 2
937 6
895 2
284 10
824 3
275 6
297 4
193 5
836 9
982 4
997 6
585 4
492 6
836 8
316 3
47 10
122 4
956 6
252 9
244 2
109 4
962 8
895 1
264 9
92 5
692 10
7 9
974 6
163 8
781 1
208 10
588 2
794 6
455 1
664 10
581 2
43 8
349 10
497 5
632 7
363 3
209 6
662 3
867 6
319 3
279 6
22 3
929 8
374 7
410 8
891 7
167 1
807 8
851 10
442 9
66 9
901 3
917 9
846 4
391 2
484 10
491 2
411 10
547 4
842 10
107 2
837 9
769 6
391 8
95 5
720 9
211 2
950 3
834 4
282 6
652 3
692 9
918 1
252 1
174 6
986 7
16 3
496 10
939 6
487 7
987 8
49 9
467 1
733 7
246 9
963 3
196 1
845 8
559 3
274 10
915 7
951 1
726 1
661 8
323 9
768 8
350 9
70 6
398 9
96 6
861 5
802 6
937 2
205 10
543 5
133 10
855 9
467 7
329 5
503 9
238 1
611 2
535 4
467 2
150 4
452 8
665 3
110 5
573 3
70 1
295 1
380 8
239 9
15 9
940 3
355 8
407 4
573 4
210 10
202 5
548 3
787 4
844 3
556 4
761 4
449 4
528 10
582 6
643 6
150 9
580 6
311 7
921 3
112 10
495 5
571 8
1 9
761 10
888 6
250 10
34 4
310 8
788 6
820 9
967 1
992 1
521 10
771 3
436 1
225 5
195 4
651 7
377 3
294 3
962 5
71 7
274 5
510 3
845 8
227 9
315 2
791 6
547 1
874 5
260 7
804 2
874 1
677 9
676 5
538 4
537 1
524 7
507 10
707 9
722 7
454 8
391 9
762 4
574 8
228 9
166 9
916 10
853 7
262 8
346 4
192 2
753 1
309 9
540 3
8 7
59 5
799 5
772 4
172 2
36 6
150 8
359 8
946 2
735 9
745 8
965 7
800 3
730 1
993 9
214 1
778 10
30 6
203 2
96 4
414 6
181 8
992 9
724 4
663 1
192 1
267 5
862 5
697 2
325 6
686 3
279 9
226 8
417 6
826 9
850 7
18 3
346 2
212 2
504 10
577 7
934 1
996 7
836 8
40 3
560 3
519 3
524 1
130 1
585 2
556 2
279 1
566 10
786 1
144 3
416 4
707 4
642 8
982 10
809 3
948 7
945 7
604 2
95 9
909 4
827 5
893 4
572 1
56 4
817 2
51 3
343 6
998 1
368 3
569 9
296 9
975 10
798 9
750 6
321 4
691 4
57 10
277 3
307 7
64 1
441 7
972 4
18 7
162 6
853 2
565 7
799 6
468 7
46 5
25 6
987 2
536 1
890 7
744 1
60 10
791 3
82 5
315 1
939 3
577 3
168 5
414 10
414 10
150 5
139 6
300 7
124 3
797 1
84 7
643 10
402 1
957 3
164 3
235 4
130 4
81 4
494 8
71 2
661 5
374 5
509 2
346 9
576 6
577 8
149 8
951 6
892 4
978 9
616 10
68 9
101 1
230 9
602 7
194 6
282 6
836 3
910 1
364 1
771 2
957 1
346 4
518 3
995 1
696 1
719 9
654 5
32 6
193 10
373 2
747 9
489 10
903 7
144 3
953 7
288 6
679 1
153 2
586 5
117 10
342 6
479 4
453 5
725 5
525 6
153 3
578 4
331 2
284 3
797 4
988 2
361 5
894 5
839 4
930 8
922 2
961 2
207 10
846 2
773 9
945 3
564 4
607 5
486 3
778 8
37 10
264 9
69 5
317 1
17 6
385 1
846 3
891 2
522 1
223 2
870 6
808 5
660 1
125 1
646 3
202 5
765 4
719 2
257 2
453 4
411 1
667 10
681 3
854 10
406 8
714 8
413 7
74 10
931 1
502 2
195 2
16 8
768 8
742 10
658 8
18 10
591 5
792 4
128 4
461 3
21 1
976 10
8 4
912 8
587 8
430 6
224 5
718 5
10 10
872 6
209 8
509 2
971 7
423 3
848 7
905 2
280 9
736 6
59 7
196 5
1 3
704 7
756 3
215 10
172 7
619 1
323 7
333 10
684 4
932 7
897 6
471 3
734 2
762 10
977 3
575 3
753 4
121 8
205 3
391 1
961 6
850 6
573 4
851 5
368 2
584 5
807 4
68 5
866 9
953 1
250 6
128 10
175 5
425 6
217 9
400 6
759 1
32 3
764 8
884 6
583 4
301 1
189 5
327 3
423 8
859 10
652 6
204 5
828 1
357 10
171 10
599 4
644 4
74 6
810 1
329 2
502 3
706 10
336 4
437 8
112 8
945 10
604 4
645 8
578 9
517 3
633 6
235 10
946 6
73 5
414 1
931 9
362 7
958 8
32 6
823 4
107 7
906 9
691 6
80 6
5 3
54 5
325 5
806 4
145 9
592 8
595 5
828 10
869 7
851 8
697 7
980 2
389 2
698 5
508 3
154 2
901 1
829 2
568 1
937 7
247 2
832 5
948 10
157 6
620 4
160 4
66 4
54 7
155 10
855 10
867 8
725 8
410 10
958 10
209 4
890 7
642 1
91 3
61 3
14 4
879 6
41 8
203 7
998 4
677 10
864 4
665 2
781 6
124 8
447 10
413 9
595 10
40 10
842 3
578 4
564 2
353 8
140 3
746 4
158 9
303 2
13 5
977 6
67 9
130 10
524 8
882 7
517 10
237 6
738 2
85 2
322 6
831 2
356 6
505 1
423 4
124 3
910 5
346 8
848 1
548 1
619 1
367 9
571 2
794 3
680 4
960 5
484 7
479 1
467 5
841 7
282 6
395 7
507 4
264 7
307 4
501 7
557 6
290 5
54 5
811 8
552 2
806 4
170 4
91 2
504 4
63 4
708 1
495 2
44 7
995 4
627 4
623 10
468 4
250 6
46 5
551 8
930 4
941 8
785 7
958 5
511 9
159 3
228 4
837 6
297 5
25 3
31 5
276 2
774 2
143 5
962 3
408 2
37 6
467 6
399 5
142 5
269 8
222 2
933 10
903 2
291 9
236 1
637 10
399 5
250 10
201 10
192 5
906 6
463 2
227 2
195 2
521 1
122 2
171 2
158 6
860 6
160 4
325 6
379 5
329 9
248 4
454 6
716 10
17 4
881 9
70 9
687 6
43 5
98 6
426 3
75 5
495 6
136 4
480 7
55 3
496 9
300 9
871 1
592 5
494 6
525 4
58 10
714 8
475 1
83 1
945 8
238 9
827 7
501 4
494 10
784 4
209 6
227 3
479 2
82 10
263 7
320 7
29 4
345 10
499 4
693 1
79 10
81 5
182 7
503 2
763 2
575 6
933 9
588 10
696 5
53 10
381 7
671 6
692 3
3 7
265 8
645 3
668 2
834 8
777 6
620 3
750 4
988 7
357 7
277 3
234 2
19 2
667 3
479 9
76 2
36 4
867 9
882 3
591 8
17 1
897 2
454 6
993 9
953 6
388 1
998 9
651 2
771 10
450 2
232 6
230 8
763 6
459 2
560 1
36 10
560 9
232 10
307 5
572 2
929 10
336 1
63 10
691 6
201 6
514 5
178 8
661 10
516 4
29 6
1000 10
54 5
266 8
457 9
55 6
509 1
494 6
284 5
555 9
276 7
259 6
505 8
414 3
190 6
453 3
677 8
168 9
620 10
378 5
147 9
272 10
234 7
574 7
849 7
31 10
259 3
985 1
81 8
666 6
381 3
656 8
569 1
635 9
640 9
541 8
733 8
503 6
158 3
191 8
694 9
818 9
234 9
75 6
456 4
582 1
626 5
748 7
672 7
55 5
77 8
856 1
440 1
136 2
937 1
720 3
487 1
421 7
409 8
861 10
544 8
507 7
328 9
319 9
821 9
586 8
882 1
336 5
575 6
877 5
277 10
960 6
726 9
97 3
821 2
137 5
173 9
357 4
373 2
152 7
964 6
774 8
854 4
593 9
874 6
248 7
541 6
431 8
495 3
58 8
234 6
703 7
389 4
450 1
559 2
7 1
38 5
971 10
629 2
590 6
150 7
900 2
853 3
692 2
56 4
843 8
423 6
693 10
275 5
867 5
582 7
908 9
102 3
989 5
362 1
5 3
1000 1
741 3
960 5
39 5
113 4
333 4
163 8
566 9
468 9
217 1
893 6
205 1
660 2
474 5
508 5
944 5
237 1
80 6
119 1
956 10
169 5
461 10
633 3
16 7
922 8
98 5
530 2
832 4
688 3
734 2
131 3
996 3
692 5
748 4
287 10
469 2
418 8
305 7
619 2
726 1
369 4
803 3
962 3
3 2
583 1
541 3
484 7
544 2
107 1
694 4
774 9
11 10
164 9
257 5
150 1
97 3
913 5
960 1
940 4
110 10
432 6
473 9
403 1
470 4
376 1
143 3
81 4
582 4
534 6
149 3
349 5
664 4
805 3
887 3
31 5
681 2
553 2
614 3
929 10
161 2
581 6
751 7
711 10
112 4
97 9
419 10
585 4
988 2
520 8
540 5
395 6
593 4
80 9
726 6
25 10
117 10
446 2
668 10
822 1
808 2
123 8
103 8
560 8
87 4
267 8
886 4
871 5
615 2
75 10
806 4
671 6
143 2
946 1
710 6
848 3
957 7
290 10
725 6
261 7
421 1
442 2
498 9
685 7
974 4
607 5
709 8
828 1
874 9
587 9
874 6
552 5
69 1
921 6
883 2
148 8
883 10
846 2
196 3
6 6
449 1
42 6
250 2
9 5
541 8
620 8
465 4
257 3
58 10
303 10
487 5
365 4
854 2
374 7
777 8
334 9
158 3
713 7
160 9
460 9
813 6
419 2
510 7
20 5
762 7
222 4
449 6
726 3
770 2
53 4
776 7
467 1
681 2
686 5
282 8
931 10
777 4
373 1
234 4
401 1
554 1
197 4
973 5
557 1
689 2
574 3
355 4
623 10
600 6
829 2
965 1
856 6
404 2
630 6
393 7
243 9
245 6
509 10
687 10
326 8
475 1
838 9
249 10
863 5
603 6
780 5
149 7
400 1
890 5
694 1
135 9
650 5
533 9
129 9
648 3
196 3
607 5
629 5
787 3
319 8
360 7
17 2
677 4
928 9
210 4
189 6
282 3
845 4
561 5
813 6
93 2
227 1
535 5
93 6
820 6
840 5
713 9
533 10
510 8
905 6
148 3
301 3
368 8
922 1
139 5
253 2
461 9
43 7
322 10
925 5
322 10
99 7
20 5
208 5
357 4
968 1
532 7
343 4
496 10
700 10
419 5
958 3
163 1
717 7
65 3
196 2
629 5
574 7
243 3
775 5
986 6
940 6
102 4
872 10
77 3
701 5
777 6
144 7
310 5
114 3
893 9
450 7
270 7
811 7
896 10
584 7
299 3
895 5
346 10
162 6
607 8
882 5
642 2
788 1
180 10
684 1
338 9
571 9
428 9
829 6
71 8
769 9
634 7
323 8
935 9
834 2
666 1
792 10
830 6
773 6
68 1
412 7
107 1
875 3
906 6
807 6
684 1
639 7
332 3
734 5
79 2
82 8
680 5
953 4
137 1
449 6
99 7
751 7
734 2
623 7
936 6
711 9
635 3
289 7
736 2
830 10
935 1
516 1
808 10
366 8
109 8
691 9
707 6
810 5
637 2
266 6
708 9
829 8
303 9
857 5
536 2
858 10
676 2
746 7
702 10
940 3
874 3
724 4
978 6
868 4
401 8
992 10
233 10
526 7
710 10
753 5
66 2
979 6
686 1
331 1
8 10
338 6
96 6
134 3
120 10
453 2
630 4
108 6
286 10
460 3
104 3
856 2
71 5
173 2
227 1
539 10
991 6
537 5
468 1
952 2
964 5
543 4
513 6
589 10
368 7
252 7
480 5
968 4
382 3
493 2
59 7
964 9
15 7
412 6
823 10
120 10
387 10
871 8
21 1
1 10
206 8
152 2
455 2
782 9
693 3
267 6
235 1
546 1
405 3
904 6
39 4
343 7
787 9
655 6
581 1
378 2
946 1
156 5
980 8
954 2
862 6
618 2
11 3
340 5
218 8
955 8
433 4
782 2
983 6
215 1
853 9
311 3
582 1
185 8
427 10
978 7
962 9
427 8
198 10
339 10
632 1
739 8
512 6
99 1
588 9
287 3
725 1
964 3
421 8
911 8
541 7
272 3
390 4
630 8
327 10
861 4
764 2
198 4
415 8
133 6
391 6
133 2
109 10
980 4
279 9
103 1
293 3
681 4
538 7
838 6
818 8
280 5
225 7
315 10
627 1
978 9
804 2
881 1
964 8
558 8
881 1
210 2
856 2
818 1
711 7
336 2
954 5
332 8
431 10
286 1
577 3
572 4
546 4
289 4
145 4
136 5
655 4
989 8
412 10
618 7
719 10
921 10
598 1
738 9
730 2
991 7
968 2
21 7
711 2
643 10
464 9
249 7
196 6
871 6
238 5
623 9
870 4
472 7
35 6
850 8
921 3
257 4
911 4
480 3
417 10
131 8
684 9
24 3
994 2
856 7
264 6
461 10
935 10
788 1
307 8
440 10
17 7
431 10
589 6
504 10
582 3
216 9
594 9
648 3
84 10
592 10
934 8
97 7
58 1
746 7
828 4
628 4
329 6
697 4
160 8
2 2
160 2
970 9
23 1
481 2
18 9
620 10
856 3
43 1
301 5
900 9
185 8
560 1
394 5
258 2
174 7
830 1
914 5
199 10
505 5
783 6
626 1
884 3
602 9
101 2
215 6
113 5
66 8
850 8
120 10
895 9
751 1
154 1
689 4
635 6
307 3
339 8
798 4
694 4
621 10
853 5
861 4
553 8
738 3
571 2
514 5
363 2
764 1
179 5
764 6
764 9
732 7
651 5
232 9
489 3
428 7
939 4
517 10
954 10
551 10
836 5
923 8
481 7
683 7
252 2
561 10
314 4
296 8
531 9
780 3
713 5
89 9
932 5
840 5
943 5
429 9
735 5
958 2
689 3
40 3
638 7
529 10
82 4
574 2
233 10
777 5
320 9
777 7
666 6
405 4
387 5
143 7
737 7
695 1
619 1
23 7
133 6
211 7
125 7
904 4
832 10
798 10
58 9
588 6
55 8
473 4
122 2
907 9
11 5
722 8
648 2
775 6
55 3
213 5
302 2
36 10
626 10
718 8
426 4
24 8
169 4
400 9
825 5
870 6
333 9
519 1
19 5
520 10
273 4
915 3
311 1
367 4
109 9
477 2
846 6
551 5
462 3
499 4
297 1
781 7
481 1
257 9
139 8
628 1
439 10
636 6
263 2
986 9
675 6
102 10
677 10
235 10
379 4
568 1
759 4
601 4
221 2
939 5
884 3
601 6
765 8
489 1
407 5
724 6
910 5
757 7
713 3
995 2
167 6
126 9
944 6
627 8
644 6
535 2
378 8
253 2
806 2
369 9
294 5
179 2
910 1
598 9
53 4
88 3
25 7
229 9
608 1
718 10
49 6
365 10
411 7
230 2
587 1
637 8
367 6
536 6
529 1
586 5
840 1
572 5
407 2
650 5
745 4
504 1
281 8
651 2
432 2
334 9
27 8
701 7
477 4
443 10
215 7
235 2
544 3
587 7
256 9
826 10
789 9
710 1
328 7
750 8
505 3
344 8
385 5
73 3
803 7
541 2
294 5
435 3
861 8
447 4
203 3
357 10
614 4
31 4
186 8
732 1
271 8
362 4
496 1
800 1
272 1
82 4
747 9
141 2
621 1
951 4
58 2
567 10
902 5
305 2
920 2
738 5
150 4
432 6
522 4
952 3
919 7
242 10
814 2
105 4
906 5
155 1
690 2
421 9
408 9
185 2
235 4
573 9
573 2
78 3
36 7
852 9
937 6
846 10
251 2
657 5
314 10
973 2
514 9
905 9
932 9
307 6
501 5
860 10
364 5
478 3
594 8
164 7
445 8
932 4
106 3
877 2
853 10
29 9
969 5
226 10
460 7
973 7
666 7
758 5
896 7
950 2
895 8
880 7
26 9
200 9
994 4
360 5
122 3
449 8
355 7
697 10
936 6
22 6
922 2
621 6
848 8
389 9
181 5
880 4
894 6
289 6
671 8
304 9
486 7
96 8
352 5
466 3
799 5
893 10
569 3
300 4
703 7
59 1
416 8
461 10
989 10
711 3
882 5
215 2
689 9
83 4
596 9
719 5
290 4
852 9
429 8
555 10
511 10
480 8
837 10
261 4
335 9
599 5
41 1
963 1
746 9
448 2
359 2
748 2
437 7
566 7
742 2
570 2
167 8
766 5
667 2
88 9
397 8
580 5
458 9
822 7
395 2
683 2
438 1
806 8
58 10
713 2
988 10
206 1
266 4
402 7
996 4
848 8
948 6
48 5
25 8
868 5
674 5
77 3
58 4
592 10
452 6
999 2
199 2
317 1
875 1
847 10
301 8
230 4
885 3
516 10
822 3
74 8
593 2
3 3
72 4
815 8
637 9
796 2
156 6
946 7
80 10
761 1
293 3
448 3
96 5
908 10
831 7
121 4
211 10
590 3
444 2
493 10
806 6
529 7
565 3
443 5
278 3
730 9
334 5
28 2
306 3
664 8
102 6
223 9
780 2
338 1
949 9
812 8
329 6
881 10
843 1
86 6
656 5
922 10
649 6
915 2
755 5
615 7
662 4
897 5
259 7
619 1
506 6
203 4
326 2
359 3
210 7
21 7
243 7
655 8
578 2
655 9
419 1
919 4
902 10
69 7
475 2
809 10
743 9
45 5
79 3
747 2
26 7
448 1
146 10
398 3
149 3
549 9
175 10
418 6
67 4
98 7
988 8
906 1
871 8
219 1
103 6
245 9
588 10
385 7
861 4
444 7
103 4
714 5
949 1
656 2
359 9
831 8
783 1
751 2
21 8
849 4
899 3
898 10
61 10
202 4
199 8
970 2
321 3
497 2
996 4
360 10
614 2
382 1
408 2
392 5
727 1
899 1
461 6
1000 10
551 1
30 1
239 10
420 5
457 7
438 5
238 9
875 4
436 5
367 8
768 1
368 6
179 7
450 10
825 10
408 4
250 4
794 4
447 3
919 8
301 8
144 6
17 7
396 4
89 8
874 10
54 8
662 1
765 8
365 8
505 4
748 3
505 4
557 7
39 3
135 1
417 1
187 5
823 3
83 2
872 1
227 7
738 3
674 5
537 3
131 3
330 1
384 7
276 2
962 7
541 5
543 4
964 6
639 4
155 8
852 5
233 7
16 3
831 3
712 3
840 5
220 5
442 6
238 9
391 8
867 2
506 1
161 10
242 8
339 10
848 10
114 4
855 7
392 2
190 7
337 6
604 2
77 3
110 7
926 7
641 9
317 2
485 4
456 6
844 8
981 4
755 6
760 7
193 8
74 6
607 2
469 4
385 1
394 2
68 7
141 1
682 9
965 8
680 1
863 9
765 9
303 9
388 6
890 2
441 1
344 3
980 5
575 9
580 4
958 1
867 9
868 1
389 4
635 2
107 9
540 4
126 10
810 6
667 9
162 7
584 8
784 2
861 4
121 7
567 2
414 5
995 8
321 1
48 4
753 7
316 6
42 8
943 4
505 9
708 8
997 10
627 3
753 5
164 10
900 1
318 7
205 6
754 9
110 1
377 5
839 4
904 7
282 6
366 6
129 6
514 9
179 9
431 3
965 5
667 1
528 10
177 4
107 3
720 3
880 4
863 9
662 7
73 9
854 8
43 10
399 4
101 1
902 7
142 6
374 3
602 10
636 7
630 10
164 10
334 8
474 10
323 5
36 6
770 1
347 5
694 8
62 6
210 8
661 7
432 3
860 7
125 6
889 9
881 6
352 5
437 7
637 1
363 4
633 8
793 5
50 10
25 7
253 6
17 1
763 9
329 3
621 10
483 1
738 9
955 6
774 10
39 4
901 1
871 7
333 3
932 10
946 8
329 8
961 10
591 4
117 5
265 10
452 10
429 10
444 7
74 2
936 6
386 10
403 4
194 6
913 10
432 5
688 3
411 8
315 1
497 3
815 3
969 10
700 6
60 8
46 7
816 4
237 3
428 7
920 3
418 9
306 4
505 9
802 10
213 7
408 3
535 1
279 5
367 9
677 2
194 3
525 1
439 3
755 5
414 8
597 3
217 8
447 10
717 3
476 5
5 6
268 1
367 2
543 3
642 1
893 5
372 4
423 4
889 3
475 1
611 5
886 5
590 3
29 3
134 9
617 8
742 1
177 3
756 8
363 7
736 6
944 3
499 6
857 10
246 3
610 7
458 3
824 2
556 3
535 6
675 2
108 3
635 2
443 2
615 9
972 9
646 6
31 9
604 1
857 2
528 1
9 5
919 3
7 6
64 10
609 6
482 9
377 1
212 10
829 6
578 6
604 4
432 5
532 7
935 9
672 8
293 4
736 7
520 9
390 5
686 6
661 4
416 9
14 8
775 1
665 6
583 5
783 4
646 6
962 1
608 3
386 6
678 2
813 5
322 7
827 5
281 6
632 3
448 4
603 7
76 2
621 7
672 5
566 9
296 2
301 6
365 5
722 8
214 4
465 2
922 9
916 1
789 10
68 8
959 7
460 2
238 4
749 10
153 7
432 2
783 2
841 8
540 5
843 8
876 9
371 3
464 5
981 9
975 8
518 3
36 7
317 7
97 6
177 2
409 2
970 3
688 4
955 10
30 6
256 8
844 9
903 9
435 8
991 4
235 7
753 9
4 6
346 1
594 9
177 3
169 4
378 7
710 5
763 3
954 8
54 1
804 8
376 7
123 8
969 10
71 8
555 10
810 8
551 6
55 9
861 1
38 3
945 1
340 3
239 2
40 3
346 7
602 1
195 1
784 4
325 3
904 5
356 7
568 8
419 8
343 4
885 10
427 7
765 7
995 10
152 6
638 8
947 10
565 1
183 9
476 7
784 4
591 7
768 3
529 4
567 3
408 10
524 5
806 9
955 7
496 4
774 10
824 5
658 6
600 6
818 9
292 5
869 1
182 10
585 4
800 7
869 4
278 10
89 3
44 9
721 3
273 10
133 10
229 4
899 4
228 8
947 7
888 1
49 7
915 8
657 3
262 2
944 5
378 6
233 10
70 3
105 2
810 1
272 5
522 2
235 9
690 7
670 7
298 6
63 1
94 4
944 1
488 3
148 10
848 6
76 10
816 1
555 7
895 9
172 7
128 2
193 5
64 8
100 7
524 8
714 7
689 10
486 1
249 8
375 6
719 1
963 5
346 6
469 10
851 4
616 2
366 9
473 3
402 1
840 7
415 1
606 9
429 1
613 7
213 9
485 10
357 1
974 5
674 10
407 6
88 3
949 4
286 10
610 9
631 7
412 4
818 10
763 10
226 4
257 2
589 9
687 10
601 8
759 10
649 2
319 1
249 10
489 8
601 5
79 1
773 8
724 4
952 5
396 9
512 2
529 8
699 2
868 1
822 3
950 2
311 7
684 6
945 2
634 6
797 10
917 9
186 8
690 3
598 8
331 2
872 3
776 7
711 2
870 6
416 5
140 9
782 2
985 9
136 5
526 2
478 10
130 5
448 9
471 2
665 3
310 5
373 6
242 7
484 7
590 4
102 10
235 4
390 1
209 7
265 9
650 8
235 1
337 6
830 10
83 3
403 6
571 9
338 3
897 3
228 5
370 5
221 8
901 10
433 2
221 3
475 3
267 5
447 6
658 1
771 10
280 5
134 7
349 3
566 9
328 9
179 3
512 4
940 3
874 1
551 1
668 2
193 2
829 4
901 1
42 1
482 5
753 8
362 2
686 1
805 9
344 1
64 9
359 4
420 9
534 4
526 8
240 7
564 8
250 3
551 6
430 1
109 4
603 9
351 8
968 10
469 6
427 3
602 1
898 10
787 1
844 6
916 10
33 2
20 4
929 4
623 4
117 4
588 9
874 7
362 10
519 5
463 10
82 2
384 5
470 9
788 1
694 4
205 2
568 7
137 1
752 10
252 9
386 6
665 4
182 2
267 1
909 3
470 9
516 9
631 1
533 4
657 10
817 3
290 6
61 9
508 9
190 1
234 6
839 8
642 8
600 5
740 4
809 5
707 7
938 9
991 9
619 8
436 6
242 10
522 3
446 10
873 3
262 5
947 10
843 9
261 5
433 6
547 5
241 1
416 10
802 9
636 4
270 1
427 3
916 6
793 1
56 10
13 9
856 9
823 5
755 3
239 7
443 2
712 9
517 10
800 8
718 10
472 3
972 9
211 3
111 4
749 1
517 8
671 10
945 7
732 6
479 3
434 1
16 9
864 4
135 3
135 8
218 5
231 1
884 1
90 6
701 8
276 6
554 3
188 3
296 2
536 5
539 3
828 8
904 8
56 9
286 1
597 10
516 6
628 3
376 1
447 1
805 7
611 10
35 1
684 9
161 8
206 2
96 6
702 9
871 6
11 4
574 4
647 6
830 2
570 5
212 3
32 10
903 6
929 4
796 8
467 9
42 6
575 9
750 5
830 3
233 6
312 7
821 6
973 4
421 7
4 7
730 2
30 1
28 6
524 3
254 10
273 1
670 7
933 2
909 8
576 4
253 5
168 1
574 1
921 9
402 8
105 3
856 5
301 8
255 9
567 8
169 3
703 6
33 2
402 5
351 10
999 7
614 10
360 9
743 9
193 2
765 8
644 4
415 7
642 8
165 2
386 5
936 9
387 2
926 10
29 8
129 10
449 6
14 1
115 3
446 6
38 1
296 3
641 5
57 5
714 7
25 9
13 1
609 5
52 4
81 10
682 6
740 2
860 3
7 3
301 5
729 3
525 4
833 4
528 4
569 1
717 4
213 4
555 9
473 6
424 7
489 4
897 8
191 9
833 2
988 1
152 10
113 10
820 2
805 5
296 8
735 7
158 7
786 8
115 5
336 6
25 6
405 2
925 1
918 1
217 4
249 9
878 7
467 7
50 8
326 2
592 5
820 4
823 6
429 9
177 8
641 8
294 9
96 6
455 1
124 6
196 1
522 10
852 4
305 5
853 4
332 7
323 6
1 1
626 2
790 5
291 6
571 4
297 9
421 10
953 2
94 10
33 3
417 2
379 2
566 4
645 5
156 4
330 8
642 3
228 8
610 10
182 3
604 3
857 10
432 5
187 5
880 9
323 5
567 8
251 1
862 9
355 4
274 1
540 4
226 4
605 9
745 1
513 8
264 10
88 2
460 1
879 10
161 8
359 4
187 6
329 7
444 7
97 2
142 5
68 3
740 3
892 2
413 5
556 2
195 5
552 3
173 4
287 5
244 6
292 5
196 6
871 4
476 1
680 4
93 10
437 6
976 2
192 10
404 3
837 5
115 9
926 5
532 2
286 4
960 10
893 2
853 7
358 8
852 5
898 6
761 4
481 6
555 6
477 4
221 2
671 4
495 7
434 7
933 1
692 7
811 9
443 9
796 5
216 1
909 3
635 7
972 4
758 10
290 4
40 7
439 2
120 1
84 2
199 9
121 3
378 6
262 8
270 5
490 6
122 9
962 4
189 6
653 6
455 2
474 3
221 6
85 6
637 4
830 10
120 1
710 10
817 10
240 10
54 5
901 2
834 4
634 4
218 1
782 6
154 7
104 10
137 4
692 7
715 1
892 2
925 2
606 3
24 1
87 10
121 7
76 10
660 10
694 7
735 2
780 2
210 8
561 10
11 7
358 4
946 2
458 1
74 1
447 9
203 9
204 1
54 8
385 4
362 8
787 7
621 2
732 2
706 7
342 10
282 7
536 5
326 3
873 4
290 9
151 4
125 2
973 2
910 7
428 10
455 4
861 9
279 9
868 10
136 1
3 1
778 7
539 1
108 10
356 8
723 7
825 2
140 6
116 1
610 2
273 8
423 9
406 1
1 5
236 7
620 6
33 3
611 9
808 7
341 2
23 8
389 3
696 5
831 6
317 5
407 8
27 8
380 6
376 8
29 9
888 4
435 9
911 10
654 1
838 2
830 9
238 7
122 8
971 3
451 5
574 1
754 4
974 4
445 4
21 8
536 8
377 1
287 5
466 4
325 6
95 6
644 1
311 2
622 4
664 8
789 4
7 1
313 2
866 5
17 3
319 8
821 7
319 6
223 6
789 1
373 3
489 3
241 7
917 1
902 1
569 9
484 3
668 3
310 7
597 1
137 1
712 6
957 4
578 7
483 3
562 5
765 7
532 1
795 6
962 1
941 10
113 3
399 4
933 8
255 8
840 1
728 2
737 2
327 7
695 3
31 7
227 4
966 1
907 3
549 10
555 7
847 10
733 6
298 5
250 4
797 7
99 3
74 9
716 3
434 7
650 8
781 7
151 1
992 3
75 4
127 1
324 6
67 7
4 9
807 3
770 7
299 7
742 10
635 10
485 4
662 4
54 7
592 9
720 1
700 4
374 1
321 8
893 8
877 7
225 5
487 5
194 8
481 3
962 5
141 2
572 4
353 9
85 8
603 1
526 6
548 3
805 9
539 2
334 8
819 1
847 3
545 5
560 9
811 9
985 4
570 2
424 3
791 10
439 1
592 2
806 9
402 10
239 7
160 5
666 4
156 9
925 10
424 4
817 8
802 8
79 10
892 9
734 1
390 3
162 6
252 2
232 8
502 7
968 9
95 5
341 2
471 10
215 7
402 9
541 1
600 6
13 7
251 1
182 1
390 9
620 1
168 9
786 6
827 10
246 10
159 6
565 8
842 5
39 2
392 3
629 7
321 1
989 5
682 6
842 1
490 9
258 6
462 7
488 8
517 5
586 8
685 8
722 1
755 5
904 2
332 7
118 9
955 5
348 9
995 1
975 1
472 3
817 2
652 7
495 7
113 7
850 8
872 3
603 6
903 7
944 1
259 4
714 1
98 7
214 4
469 5
682 5
93 9
229 8
147 3
820 10
652 8
138 9
378 8
715 8
692 2
637 5
588 7
223 4
846 9
726 5
105 1
942 10
192 10
822 1
931 1
245 1
835 5
525 10
984 9
559 9
967 6
302 5
141 8
477 7
174 2
469 10
630 7
832 6
127 8
465 4
691 10
712 7
75 10
101 9
392 6
432 4
139 5
820 5
514 5
540 5
212 3
413 4
500 4
69 9
803 10
254 7
795 2
517 7
344 3
305 4
10 3
860 1
160 1
357 4
735 2
307 1
779 5
307 6
247 4
150 4
918 7
9 6
888 1
759 10
190 8
472 9
872 4
504 2
108 3
432 10
356 2
802 9
413 5
30 8
438 9
862 5
722 2
983 2
705 7
6 4
428 8
624 2
744 7
301 7
900 6
153 2
847 4
138 4
770 2
723 5
481 3
189 9
718 7
823 2
576 2
215 6
776 9
317 4
441 5
608 6
509 4
25 2
902 2
195 8
868 2
699 6
748 8
862 1
426 2
697 1
932 8
280 5
494 8
58 7
58 6
543 5
737 10
163 5
95 1
297 1
376 1
753 6
159 1
418 4
147 5
617 7
38 7
639 3
7 5
889 6
915 5
328 7
560 2
386 4
799 10
528 6
719 3
576 6
495 1
787 6
679 8
380 7
993 10
945 10
627 7
276 2
107 8
780 8
728 9
350 3
821 8
696 8
161 3
995 3
715 8
990 9
357 1
806 3
944 2
289 7
434 4
357 4
783 6
202 6
129 4
406 6
434 2
557 6
883 7
907 9
957 8
225 7
788 5
203 2
172 5
237 7
328 6
946 10
751 9
514 9
488 4
217 2
437 7
865 1
544 1
152 9
544 4
45 8
428 10
84 10
990 9
441 6
2 2
386 1
517 10
153 10
43 3
517 2
532 9
319 7
124 4
630 10
472 6
613 1
130 7
750 1
915 9
796 7
887 6
241 3
478 9
781 1
292 7
194 2
740 2
471 4
574 4
525 8
733 2
97 5
10 8
480 8
323 5
588 1
373 3
270 10
210 9
421 9
933 8
527 3
549 7
924 5
852 5
597 3
291 2
754 1
56 3
438 7
33 1
386 10
607 7
739 1
342 4
816 10
673 8
516 2
336 7
939 5
541 7
160 5
360 4
587 4
802 6
268 8
80 3
160 6
107 4
698 1
672 10
121 2
776 4
676 6
249 7
865 5
26 1
975 7
744 9
673 7
316 5
739 10
970 4
254 5
190 1
901 9
389 1
940 10
135 2
446 2
482 3
112 10
750 6
843 4
521 6
298 7
870 8
56 10
853 2
161 5
436 6
700 3
917 3
883 5
581 7
689 6
559 8
511 8
187 1
172 1
583 1
141 9
279 1
975 1
190 5
844 8
808 3
859 8
287 10
167 7
24 9
718 5
685 1
886 6
313 5
58 6
366 5
946 7
111 7
494 9
904 8
860 10
628 7
515 9
953 3
11 6
351 6
298 9
428 2
42 9
284 6
890 4
821 10
585 5
731 9
585 10
186 8
840 6
695 6
44 3
822 7
205 2
370 9
127 6
502 9
588 9
932 2
208 3
159 2
216 6
660 10
524 3
637 7
897 7
393 10
353 1
214 5
831 6
484 9
277 10
409 4
35 5
419 4
603 7
607 5
935 5
643 7
533 1
101 4
11 3
715 9
443 1
60 3
848 3
734 1
409 5
105 10
770 3
646 3
196 1
486 1
170 8
108 8
798 4
720 8
626 3
107 7
877 5
46 2
906 3
448 8
565 8
522 2
267 7
938 5
497 3
457 10
89 10
361 9
26 10
263 2
662 9
587 8
952 2
534 9
557 1
668 4
209 7
92 7
315 6
586 2
15 2
424 10
420 8
464 8
871 2
824 10
470 10
320 2
883 6
300 10
331 10
260 9
42 10
357 10
362 6
931 5
505 8
309 4
659 7
422 7
568 6
850 1
143 5
492 1
461 2
737 10
627 4
96 10
414 7
77 7
661 4
253 5
359 10
315 5
821 2
805 3
44 2
497 6
394 10
554 4
356 4
763 5
502 6
884 10
38 4
483 5
880 2
374 6
107 2
85 3
955 10
720 6
175 10
257 8
956 10
943 4
778 3
820 2
8 6
611 9
871 7
591 10
753 6
463 10
467 2
825 2
582 4
281 8
150 2
419 1
381 7
961 8
64 2
295 3
94 6
988 10
996 7
442 7
182 4
294 4
770 10
433 9
926 10
643 1
242 7
521 10
828 9
117 7
329 5
956 6
118 5
622 3
644 10
871 9
152 8
13 5
314 4
11 5
826 4
855 6
561 7
522 8
698 2
937 8
865 5
490 7
597 9
184 9
468 10
99 2
262 2
68 6
374 1
146 8
298 6
14 9
674 7
881 6
11 2
32 6
467 2
782 5
924 9
557 9
85 7
29 8
269 7
110 10
749 6
731 5
13 6
455 7
529 3
264 4
643 10
420 9
392 3
203 4
312 7
435 7
882 9
657 8
856 2
225 4
88 7
773 8
151 5
336 1
709 7
483 3
550 9
887 10
716 4
622 7
531 4
695 7
990 3
831 7
468 7
723 6
217 7
629 10
471 7
912 2
953 1
524 7
307 1
525 1
251 10
266 7
796 10
590 8
863 6
928 2
553 7
780 1
833 6
556 8
471 8
654 10
699 2
927 9
30 9
874 9
697 3
147 4
562 3
354 8
887 4
65 1
441 1
575 2
943 1
881 3
257 9
879 2
346 8
77 8
684 9
890 10
645 7
21 8
211 5
146 10
822 6
6 9
667 2
217 1
973 3
758 2
197 5
678 4
303 6
907 4
238 6
267 7
625 1
96 4
416 6
653 7
219 3
895 2
667 8
133 1
543 1
662 7
664 7
759 7
675 3
979 6
733 8
206 10
199 10
75 6
336 10
287 7
997 9
208 4
168 8
376 10
544 4
579 1
385 2
25 5
769 7
819 2
418 6
902 8
806 5
101 9
949 9
27 7
381 3
791 6
886 1
456 10
34 6
214 6
719 4
737 4
177 10
122 8
200 3
252 5
933 3
7 3
739 5
456 8
497 8
758 8
558 9
538 3
41 9
437 4
401 3
222 10
659 4
606 3
106 8
363 7
623 7
690 10
411 2
276 7
331 8
109 4
535 2
179 6
384 4
506 7
737 10
67 1
981 7
149 5
534 5
250 6
654 10
451 10
503 2
733 4
784 6
854 2
556 10
937 3
997 5
43 3
303 10
917 4
990 3
587 8
573 2
586 8
442 3
138 2
702 8
305 4
127 8
842 9
30 9
659 2
359 7
224 5
683 8
703 1
825 4
349 2
357 3
5 4
774 8
991 2
975 4
682 4
396 3
826 8
170 9
195 7
825 10
788 6
86 7
291 10
220 6
902 7
445 10
324 9
822 10
736 4
448 7
664 1
128 7
685 2
228 6
889 1
287 4
645 9
353 7
823 6
728 8
56 8
382 2
793 2
974 1
856 3
955 9
490 4
668 1
341 5
932 1
742 5
14 3
577 4
571 10
942 3
18 7
264 10
273 1
520 6
134 5
930 4
959 4
464 2
639 3
1 8
499 9
965 5
744 9
959 10
675 4
224 10
822 4
959 3
168 7
548 4
72 4
646 3
200 3
437 6
438 3
781 5
609 2
309 4
489 10
258 9
796 8
306 8
9 6
27 6
946 10
595 7
382 3
939 10
295 6
937 9
707 9
732 7
824 2
274 7
214 4
407 3
323 5
424 8
136 3
959 1
530 8
893 4
18 9
749 4
491 5
352 6
437 9
702 9
358 8
862 4
626 7
361 7
408 4
719 6
300 1
388 8
95 1
846 7
224 1
337 5
989 10
264 7
364 1
262 8
566 10
759 1
431 6
443 1
37 5
719 4
175 8
240 1
255 7
100 10
307 5
735 2
828 4
728 7
260 3
743 2
156 6
926 5
339 8
384 8
681 9
763 2
6 10
487 4
708 1
10 1
933 9
532 3
369 9
211 1
107 3
361 2
858 5
409 6
275 8
104 9
136 10
175 7
211 4
891 1
801 2
337 6
984 5
103 3
667 1
432 2
905 3
962 8
671 4
26 8
882 2
641 4
197 1
783 3
809 4
723 4
671 6
915 9
522 5
99 6
781 7
893 6
914 10
75 5
927 7
32 2
347 3
522 5
607 4
545 1
928 10
719 9
36 9
838 1
459 9
119 9
829 5
732 10
675 4
707 3
539 3
713 7
264 3
306 10
313 1
124 4
159 5
164 8
958 6
740 2
168 7
221 9
90 7
99 7
797 7
846 9
480 10
697 4
312 10
613 9
269 4
801 4
152 1
977 10
693 3
478 10
397 7
184 5
454 8
620 8
491 2
243 5
541 1
916 6
473 1
486 3
746 2
905 3
888 2
578 6
357 5
979 4
70 6
801 7
275 2
534 6
915 8
284 2
321 6
696 1
826 3
603 6
627 4
985 9
934 8
890 8
851 2
785 4
320 10
842 4
686 9
71 4
913 10
592 9
134 5
836 1
36 2
980 8
373 5
941 4
124 1
470 7
275 4
942 2
128 5
150 3
575 5
429 10
958 2
246 9
56 3
528 9
898 4
607 1
441 4
642 7
414 10
324 7
16 5
862 9
667 3
9 10
662 4
78 8
209 9
217 9
496 3
721 3
705 9
628 2
535 4
24 10
141 2
682 4
767 1
607 6
139 2
517 4
141 3
347 3
394 6
108 2
610 1
313 6
448 10
674 1
547 3
228 4
771 8
156 4
362 10
3 6
249 9
848 7
570 1
320 6
301 2
476 1
913 1
205 10
9 1
37 5
53 5
945 8
265 7
111 9
189 10
209 6
795 3
395 5
682 6
876 5
820 8
114 10
221 10
491 5
231 2
82 1
795 6
294 5
438 5
595 5
890 9
661 7
415 3
4 10
716 1
819 9
621 2
942 5
799 8
864 2
294 4
496 6
860 8
967 5
910 5
816 1
188 3
766 5
112 9
639 6
348 3
662 10
521 10
264 2
250 4
587 2
760 1
787 3
532 5
809 2
231 8
213 3
781 9
67 5
537 1
436 2
288 5
123 6
382 8
457 7
938 2
551 4
962 3
269 7
215 6
440 1
508 9
691 6
900 4
927 9
625 5
653 2
857 3
798 10
561 2
904 6
654 6
53 8
880 2
82 2
528 9
927 6
441 3
459 4
249 10
239 7
632 5
543 5
858 8
459 6
996 6
837 5
800 3
568 5
446 3
542 6
170 2
341 9
577 6
173 6
279 6
38 7
325 1
794 5
594 9
103 2
84 2
539 10
539 3
768 7
364 2
621 4
644 4
715 10
350 7
472 7
974 5
348 4
470 8
236 10
509 3
538 7
347 7
970 5
542 9
271 3
472 10
579 4
706 8
297 9
672 1
740 10
305 7
371 4
893 10
170 7
992 3
135 6
318 3
844 3
975 3
696 3
30 7
396 3
939 6
165 2
768 8
332 2
512 8
414 6
952 2
939 10
88 10
542 10
440 10
497 6
440 7
504 4
897 9
240 7
953 7
444 1
722 8
392 9
34 5
541 7
178 3
337 1
509 5
547 9
448 3
581 8
818 6
369 3
798 4
640 7
80 2
468 2
270 1
419 10
406 5
262 3
151 3
862 10
117 1
269 5
691 8
161 4
913 6
155 7
34 8
814 6
583 2
238 4
812 7
912 10
509 2
256 9
950 10
221 1
350 5
445 1
729 3
93 5
850 9
402 2
986 8
523 8
779 9
52 7
498 3
998 10
159 9
284 6
32 10
430 6
452 9
860 8
64 7
243 3
546 4
281 4
612 1
51 6
680 2
44 2
368 4
977 2
646 8
616 5
124 10
525 8
765 6
891 9
691 1
626 4
602 6
363 6
455 7
275 8
767 9
247 3
657 8
506 5
793 10
63 7
612 2
187 4
177 7
536 3
829 9
210 2
943 9
812 6
818 6
930 10
327 1
799 4
497 8
993 1
961 1
161 1
949 4
817 3
690 3
226 4
771 2
460 5
397 1
932 9
987 9
473 6
759 4
478 4
631 9
782 2
167 5
742 9
149 6
392 1
306 2
97 9
875 9
431 3
687 5
994 8
86 10
970 5
343 10
433 1
635 5
980 1
905 10
716 10
243 3
971 9
658 7
320 4
881 2
984 8
835 6
50 3
619 4
82 5
782 4
419 4
900 6
607 1
263 10
477 7
271 7
920 9
656 2
271 6
743 7
696 9
929 9
496 3
148 5
75 10
641 8
463 7
132 1
174 3
604 5
591 7
35 2
227 6
61 10
828 9
114 2
694 5
600 7
200 2
124 4
502 6
910 4
114 6
373 4
397 1
833 7
136 9
11 9
739 2
954 6
408 3
549 6
892 2
544 10
274 9
603 8
215 10
104 9
328 1
636 9
74 1
977 1
553 3
268 1
614 3
334 2
470 10
723 7
476 7
454 9
264 2
691 3
703 9
797 7
546 5
607 6
843 9
441 7
236 5
671 3
495 5
485 3
234 6
1 1
972 1
542 8
113 8
662 2
841 5
673 9
820 3
862 7
177 7
612 4
733 4
415 1
374 10
398 4
787 10
270 3
835 2
643 6
637 10
107 3
442 7
778 7
813 10
892 4
576 1
599 5
209 1
808 3
674 10
469 7
20 4
317 4
383 7
892 4
779 8
880 4
641 2
251 2
556 9
444 1
573 7
929 9
526 2
154 7
593 4
8 2
810 2
283 8
451 1
634 6
139 3
673 2
743 2
94 10
892 8
676 6
700 7
844 8
73 2
110 5
819 4
576 1
374 6
800 3
298 8
503 7
688 1
182 1
913 2
534 3
653 2
81 7
595 2
584 3
928 8
320 9
435 8
114 5
369 3
531 6
380 4
476 7
790 7
409 5
461 10
453 1
60 8
963 8
349 6
544 5
475 7
150 9
457 8
138 9
604 10
178 10
705 7
337 2
382 9
768 9
98 2
380 6
208 9
938 7
157 2
115 9
460 8
683 7
325 8
247 10
436 2
606 1
188 6
800 7
217 7
145 4
935 5
919 8
227 3
709 7
77 1
65 4
82 5
705 8
740 3
605 8
622 2
632 5
601 7
804 10
67 6
308 10
657 2
192 4
617 7
320 3
122 10
228 1
349 4
421 4
429 2
492 10
54 7
871 6
106 3
651 8
436 1
116 2
692 3
406 4
965 1
989 3
887 7
826 8
231 2
630 7
639 5
282 9
764 1
213 8
447 1
424 10
419 5
457 3
272 2
824 1
612 10
507 2
27 9
536 4
902 4
63 9
17 8
946 4
784 2
833 9
244 7
619 5
183 5
705 1
957 8
200 8
461 5
663 8
469 9
205 2
330 4
589 5
684 2
769 2
99 6
828 8
818 8
106 5
840 8
197 5
347 7
53 9
529 9
235 2
836 4
690 1
239 9
419 3
43 3
282 9
794 6
140 10
637 4
557 4
218 3
284 1
239 10
123 5
902 3
955 1
239 8
374 8
956 1
678 9
14 4
289 9
55 8
893 4
49 3
157 3
171 8
742 7
301 5
396 2
136 5
409 5
955 7
764 5
101 8
835 4
541 6
144 3
390 4
786 4
18 1
930 1
130 7
223 5
660 8
684 8
281 1
575 2
740 10
746 1
476 3
550 6
621 3
534 7
970 9
718 10
829 1
784 10
39 3
766 3
208 8
562 7
479 5
617 3
875 3
522 9
131 1
264 6
352 10
301 1
684 10
881 10
189 2
241 5
908 5
108 7
721 9
644 9
242 8
678 8
230 2
366 3
188 4
917 7
283 8
805 4
82 2
242 2
719 1
499 2
793 3
677 1
471 1
797 3
674 3
712 10
910 2
456 2
307 6
53 2
408 5
255 6
145 2
768 6
815 10
665 5
104 6
389 8
565 7
801 2
673 1
814 2
58 5
835 3
517 1
228 3
677 2
748 4
996 1
249 2
90 6
892 4
248 8
434 1
761 3
779 9
966 8
567 10
766 7
48 8
900 5
343 5
198 6
135 6
432 7
982 5
22 5
557 7
577 6
407 7
521 10
417 5
639 3
220 2
121 5
847 6
719 1
450 10
735 9
263 1
706 8
412 4
663 7
753 4
891 10
295 3
80 5
242 7
909 1
184 6
551 3
637 6
783 3
467 2
253 1
66 7
115 1
178 10
400 6
619 8
972 1
357 1
641 10
412 6
22 10
205 4
48 3
823 7
421 10
329 9
730 3
78 6
228 9
720 5
733 3
225 4
274 6
997 3
864 10
286 9
146 6
994 1
259 1
540 3
646 7
32 1
65 3
596 9
308 7
235 10
966 9
633 3
824 7
294 2
461 7
516 7
287 5
837 9
498 2
22 1
51 7
792 4
445 4
94 2
621 2
583 3
654 1
310 3
929 7
939 3
894 9
647 4
944 8
348 3
366 9
734 4
576 4
353 4
214 3
583 9
671 4
372 9
99 2
587 6
65 3
342 9
230 1
49 2
30 1
914 3
217 10
130 2
999 7
50 6
178 4
559 10
322 10
851 9
822 3
233 9
653 5
71 6
970 3
615 7
936 8
949 8
431 10
792 5
865 10
834 1
680 5
77 4
904 9
682 1
119 6
240 3
14 6
496 3
288 8
324 2
454 5
969 2
506 5
204 7
984 10
735 7
557 4
909 3
53 7
66 8
765 10
693 4
850 8
779 9
230 5
100 5
232 6
755 2
970 10
120 4
28 3
505 7
726 9
786 6
889 7
993 8
968 3
876 8
204 4
60 7
213 10
269 4
60 7
814 6
11 4
530 6
883 1
441 1
118 1
946 6
435 9
885 3
252 8
742 1
452 7
898 7
489 4
668 10
360 9
523 3
295 1
239 9
262 1
616 4
937 9
796 2
748 5
70 4
539 3
192 10
397 1
273 8
981 10
481 5
58 8
188 3
378 5
873 9
92 10
925 7
613 8
889 1
377 1
607 7
145 1
985 5
288 4
922 3
326 6
237 4
952 4
259 10
382 5
878 2
525 1
370 7
621 2
543 2
121 10
109 4
344 4
197 9
229 2
310 5
558 4
615 10
823 6
508 3
797 10
784 9
676 7
84 4
274 8
65 8
161 1
541 8
259 1
634 2
230 9
301 8
388 2
521 5
642 4
872 4
958 8
238 10
733 1
611 9
432 7
765 7
203 5
291 2
483 4
386 1
451 8
830 6
371 2
209 10
975 7
218 2
969 2
298 8
90 3
917 8
472 3
445 4
437 8
712 6
852 4
15 7
714 10
378 1
911 2
791 4
863 5
662 5
405 2
135 5
311 8
63 3
293 4
737 6
734 6
737 10
971 8
641 6
449 10
350 7
223 3
483 7
230 3
270 3
186 3
655 3
791 9
745 4
616 7
27 2
293 5
901 9
605 3
105 7
637 10
781 7
84 5
114 7
611 10
211 6
690 6
602 3
579 1
208 1
532 2
439 8
373 5
960 2
222 5
946 1
694 8
546 1
344 10
486 10
655 10
192 5
564 8
50 9
114 9
894 10
10 1
216 5
836 3
44 2
644 5
685 1
616 2
21 3
497 5
885 3
901 2
785 5
276 6
831 10
861 1
754 3
648 1
873 5
873 7
391 1
854 7
565 1
292 5
637 6
638 10
342 6
542 10
551 2
183 9
17 8
799 9
505 5
390 6
801 4
503 5
68 4
544 10
229 4
735 7
92 7
107 7
29 10
861 3
932 3
44 1
475 10
403 2
282 2
159 8
279 4
457 1
699 1
143 9
520 9
21 1
752 4
679 9
847 10
821 3
72 8
192 4
237 4
767 2
622 8
186 3
440 5
720 5
691 2
232 5
326 2
908 8
28 5
754 9
912 9
966 10
464 10
739 2
875 3
942 9
572 7
255 3
177 5
1 1
238 7
197 1
703 8
785 1
967 4
405 2
487 9
57 1
797 3
572 4
104 2
342 7
101 10
260 10
574 3
401 10
697 6
721 1
371 9
980 6
848 10
588 6
221 8
491 6
655 6
809 5
281 4
752 3
988 4
213 8
569 1
609 5
877 2
493 5
164 3
238 1
285 1
279 3
535 4
242 4
222 5
136 10
209 4
504 3
645 8
587 1
169 8
766 10
700 5
539 3
554 3
859 9
218 5
100 9
464 7
234 8
908 8
855 6
130 5
119 5
536 8
833 2
532 2
962 1
599 2
993 9
592 5
43 3
865 4
960 3
490 2
964 1
552 8
710 10
111 2
594 2
607 6
315 3
436 1
114 1
874 5
103 8
459 6
971 2
698 7
158 7
867 4
708 3
442 10
389 6
272 7
975 2
139 3
487 9
568 2
497 9
919 4
218 3
588 6
282 5
637 4
592 9
986 5
467 10
609 5
1 4
734 6
677 3
44 7
463 8
682 10
953 9
205 4
728 9
28 2
312 9
34 7
813 7
400 5
578 3
490 2
708 6
888 1
628 5
925 4
189 3
248 2
656 2
269 6
378 7
33 9
478 2
440 9
789 5
160 9
600 2
801 8
605 4
548 2
973 9
488 7
660 1
193 10
537 6
611 4
447 7
796 10
776 3
531 8
186 1
931 8
316 1
1000 4
470 7
829 4
977 2
882 1
872 3
987 9
295 4
625 5
499 2
139 7
448 6
311 9
148 3
388 5
889 8
49 6
753 1
805 6
498 1
914 6
654 10
615 9
712 10
975 2
977 10
22 1
921 6
95 7
908 9
349 10
7 8
350 4
842 1
777 4
875 9
50 2
459 2
322 9
117 5
58 3
686 5
196 8
328 6
699 5
181 9
460 3
582 6
354 5
783 5
389 4
711 2
280 5
809 10
567 9
23 10
803 3
31 4
864 8
862 4
820 4
958 7
444 8
427 5
127 2
69 6
954 4
498 3
285 5
140 7
145 1
605 6
686 10
402 7
376 6
967 1
119 6
636 8
688 8
4 5
354 1
622 2
470 4
496 5
898 7
315 7
416 8
550 1
517 7
882 2
465 6
675 2
94 5
388 3
642 4
647 1
542 9
546 5
424 6
998 4
48 2
603 1
742 5
47 6
912 10
996 3
315 2
419 2
383 10
147 6
314 8
982 9
917 10
139 8
136 2
697 3
67 7
138 1
343 9
662 8
521 1
599 8
495 7
177 5
535 9
724 8
506 9
989 10
351 5
811 3
773 1
479 6
118 7
68 5
391 6
125 2
833 1
977 3
16 8
132 1
114 1
220 2
598 10
670 9
380 1
60 5
502 2
427 5
203 6
770 1
904 1
405 2
408 4
736 5
923 6
993 9
251 6
111 8
287 8
948 7
857 1
165 7
402 9
187 2
342 6
241 3
401 8
887 7
848 1
734 8
16 7
512 6
933 9
286 3
301 5
788 7
749 5
53 6
908 9
475 2
148 8
875 7
604 9
49 1
849 8
310 10
634 7
113 4
393 2
170 1
68 9
407 2
109 8
368 7
519 7
196 1
928 5
706 1
193 3
827 9
190 1
760 10
277 6
540 7
628 1
400 3
119 1
614 6
72 4
354 1
441 10
903 1
925 4
321 10
757 4
369 4
816 4
504 3
217 1
785 8
749 7
180 4
656 5
334 3
647 10
412 10
857 10
85 1
804 2
764 7
527 8
390 4
62 7
66 1
907 9
908 1
308 7
837 8
795 2
530 1
120 4
132 7
647 1
794 8
622 7
759 8
663 6
814 1
383 8
609 9
887 7
623 9
124 8
166 8
824 6
116 6
444 2
470 4
778 6
358 1
750 3
926 8
834 4
796 5
504 2
739 10
139 2
954 2
394 5
88 7
875 6
491 4
519 10
554 9
117 7
754 2
91 6
575 3
311 4
861 7
326 10
382 7
900 1
394 2
546 9
134 8
344 6
159 1
876 4
657 1
970 7
936 1
547 9
269 1
665 4
596 6
341 5
89 6
520 10
689 8
78 4
235 4
