7000
931 25
591 32
790 20
1 64
136 39
905 22
870 59
832 29
243 90
774 92
612 79
510 21
784 27
252 71
655 21
196 53
583 9
760 5
382 59
475 89
14 65
195 82
584 67
895 23
603 47
762 72
132 34
880 83
732 50
446 70
159 56
919 91
151 98
889 69
985 87
549 18
417 75
768 18
561 12
255 15
330 77
656 13
69 61
2 55
413 89
109 25
59 25
650 96
443 4
592 85
382 34
402 43
934 24
132 90
80 74
166 29
26 75
710 88
169 78
318 60
592 61
9 41
540 72
453 50
229 31
532 26
676 16
455 64
773 76
361 11
615 5
807 9
616 65
214 65
824 74
865 31
11 40
735 82
406 67
157 3
521 79
237 3
814 50
354 76
692 52
883 66
714 18
207 72
502 79
502 78
570 81
199 35
852 71
379 68
431 81
578 99
836 61
184 56
493 17
68 70
198 17
30 31
575 11
807 52
588 94
843 92
543 65
850 77
512 10
363 98
894 47
711 57
335 42
423 92
79 82
58 4
293 67
645 61
60 20
478 88
487 41
482 40
758 30
322 93
221 62
63 94
582 3
528 78
231 43
481 60
534 24
557 68
902 12
982 27
213 22
102 68
582 69
339 52
750 97
106 71
131 73
347 35
286 6
376 83
50 89
130 82
587 25
868 46
885 51
891 53
765 74
429 31
30 25
491 81
844 44
134 93
724 29
732 90
939 61
307 26
533 46
32 40
1 24
163 84
882 47
932 38
486 97
284 83
944 62
481 13
714 74
864 59
332 98
349 61
585 48
561 77
877 8
15 84
334 77
615 13
988 57
970 10
952 39
519 61
444 52
516 46
738 27
48 17
311 40
152 72
341 23
46 83
437 52
583 55
336 65
815 19
77 44
429 89
408 66
832 94
237 31
541 44
571 14
562 48
574 6
94 65
296 75
815 50
816 13
885 96
639 98
708 66
886 60
905 77
806 16
974 67
888 72
116 93
530 3
212 43
436 69
976 82
285 40
540 79
918 51
822 12
229 70
147 65
303 83
528 47
757 50
48 23
641 91
627 97
83 52
988 7
572 71
662 23
971 44
570 62
84 57
898 76
73 94
950 76
269 16
567 77
831 4
800 18
702 30
297 75
600 93
182 24
742 33
320 92
834 24
202 72
676 27
833 77
277 36
104 10
929 28
766 36
192 53
279 80
271 99
776 83
407 50
545 22
265 16
649 11
703 97
114 34
59 50
958 50
245 56
479 28
168 96
408 41
695 14
891 57
242 99
146 46
387 90
909 5
898 10
910 43
425 52
425 67
417 62
108 74
8 79
187 67
715 97
5 9
869 82
649 12
146 90
809 26
855 43
792 88
477 99
574 8
209 36
962 59
347 68
665 93
317 72
758 65
114 80
430 18
75 61
756 28
57 55
798 70
535 63
687 9
869 86
786 50
296 71
401 57
540 17
377 79
933 59
160 68
230 33
796 62
275 17
579 8
324 20
477 6
207 79
108 68
475 87
667 19
857 68
780 77
403 58
204 16
655 80
46 33
857 28
343 47
136 40
692 99
968 87
111 78
351 21
447 42
781 41
165 59
679 47
5 65
197 52
181 42
913 14
946 5
737 25
705 4
738 23
260 71
840 77
685 94
191 12
60 56
558 72
59 64
948 85
522 9
329 99
645 39
184 77
334 81
992 75
444 19
184 24
788 7
980 97
424 85
578 93
956 32
138 90
972 66
496 74
714 43
606 12
811 50
201 28
896 64
468 65
316 84
930 61
139 70
491 93
7 96
338 96
33 69
626 95
120 5
29 64
323 34
676 78
394 78
523 50
304 19
754 38
302 17
244 81
573 52
306 39
697 25
668 65
82 46
411 18
971 29
221 99
318 78
886 31
236 46
4 99
195 64
811 44
118 30
488 97
447 87
30 100
279 61
541 65
390 2
570 87
407 46
339 51
360 4
987 83
259 100
519 57
816 100
988 59
773 13
272 98
809 76
448 6
504 50
878 28
735 54
156 17
407 62
160 62
326 45
893 36
356 68
860 76
156 59
82 15
875 63
482 36
921 85
948 7
95 29
314 94
928 45
788 21
219 34
856 62
897 87
885 77
833 93
884 7
851 12
556 70
14 24
967 15
924 3
338 91
118 100
388 92
775 8
621 33
844 86
49 58
946 63
934 100
713 23
709 60
228 15
212 73
995 63
308 13
695 79
968 59
635 99
703 57
816 38
12 47
150 6
987 10
578 56
681 20
109 63
348 17
351 24
726 77
598 81
377 94
992 51
651 65
428 87
10 78
6 56
914 56
99 41
381 37
923 44
784 58
218 2
416 81
639 37
393 54
411 43
720 15
836 54
296 23
473 7
245 84
401 90
637 95
67 80
153 9
776 100
846 80
231 95
407 54
10 67
701 7
17 13
203 95
254 61
784 43
538 35
956 32
452 57
609 54
972 25
837 4
788 46
644 4
367 47
318 18
502 24
340 86
243 77
1000 71
537 70
177 96
816 28
594 11
997 28
761 16
253 29
812 84
217 88
238 95
153 57
557 49
150 78
997 31
295 99
504 37
475 66
860 60
928 96
964 92
17 9
2 95
913 4
128 4
894 85
835 15
392 93
109 6
644 12
81 81
395 20
13 65
568 59
903 57
530 49
838 9
934 48
800 28
628 16
161 24
687 8
71 55
958 41
129 93
16 86
529 83
341 97
513 44
971 57
8 82
338 35
832 97
521 19
692 52
861 48
682 71
808 92
232 76
433 8
105 65
617 3
869 30
483 7
534 37
656 28
971 43
208 75
423 2
724 15
621 89
399 46
588 29
889 96
808 18
679 46
225 28
439 15
260 15
555 99
682 55
942 83
200 87
881 52
669 5
964 34
500 14
692 21
647 8
559 69
44 66
937 72
808 9
486 63
538 5
755 17
571 72
705 64
948 20
474 66
58 85
313 94
953 42
936 71
634 46
999 7
622 77
803 25
892 47
733 30
260 58
849 35
160 37
476 69
620 8
592 72
262 30
67 41
771 7
974 25
83 56
106 36
594 54
236 74
20 39
707 86
935 28
88 55
208 79
199 41
13 74
425 53
935 51
417 80
829 1
62 17
421 29
271 91
842 91
132 26
28 4
133 8
210 86
866 45
805 27
938 81
418 2
535 57
935 61
577 95
527 33
207 55
785 26
303 68
31 80
300 34
207 12
41 40
25 59
827 38
823 80
50 32
725 93
522 9
603 66
688 2
791 63
453 24
928 22
46 85
43 38
613 48
100 68
683 16
863 77
464 93
429 25
794 62
78 61
722 15
857 28
647 66
320 37
235 29
427 84
428 83
651 68
439 87
386 67
420 43
924 44
949 57
503 7
760 46
889 98
160 85
238 27
867 29
106 93
759 92
383 11
869 63
280 91
39 92
799 71
161 18
999 57
559 92
488 89
232 16
505 26
335 57
290 59
204 65
479 49
241 7
269 30
731 77
67 45
196 19
731 34
185 98
268 28
653 81
47 21
682 51
365 73
828 54
878 42
606 79
158 10
40 68
139 2
848 81
843 32
501 11
798 34
368 39
104 82
333 52
907 34
941 81
315 8
129 84
437 97
138 71
511 49
815 6
8 85
56 73
964 65
475 87
781 21
555 57
253 82
961 84
182 93
81 78
317 44
750 5
607 28
186 84
138 13
974 38
574 4
467 26
362 20
541 43
401 70
475 84
777 84
982 98
522 14
598 89
133 13
237 69
239 95
136 45
165 43
74 49
692 35
651 62
775 41
688 78
102 36
612 64
857 95
348 74
686 53
194 23
1 98
740 42
974 95
187 16
579 42
436 20
579 71
650 97
294 71
311 19
231 90
874 78
654 23
323 19
581 46
933 90
660 69
441 28
937 94
16 14
427 66
208 82
472 96
519 50
7 42
176 5
155 77
469 81
778 17
412 65
913 1
567 55
241 47
120 97
354 89
685 21
326 49
803 27
587 39
342 66
30 6
764 37
265 42
829 22
738 64
13 38
839 71
130 72
431 15
722 42
977 13
673 57
59 70
22 3
996 65
310 83
508 6
668 20
986 68
870 68
876 55
73 22
926 44
587 22
125 8
529 80
907 32
499 13
108 53
647 20
709 93
825 48
923 16
318 17
939 56
694 16
43 58
153 95
474 100
868 41
741 31
506 73
69 30
465 63
774 89
899 16
827 11
603 2
576 13
290 98
546 45
722 23
852 43
870 59
247 38
976 45
922 56
527 69
487 48
639 42
414 41
2 42
382 69
206 87
156 58
883 39
323 85
417 30
918 63
223 94
435 5
247 11
770 100
30 53
544 7
780 39
635 71
246 20
235 15
553 77
226 1
628 25
329 26
802 61
430 96
361 39
753 1
361 53
437 23
143 70
446 38
704 97
789 68
472 47
357 67
638 49
644 16
675 52
588 18
430 39
535 80
673 26
863 65
915 73
580 75
123 71
186 13
753 7
456 75
873 86
761 3
424 93
526 96
436 19
568 87
932 51
450 63
418 6
704 41
616 54
944 40
183 18
701 94
261 46
676 33
834 99
441 11
307 76
695 95
728 54
248 5
620 46
7 34
352 57
952 63
269 4
167 59
824 96
707 25
797 6
533 64
848 44
647 32
663 80
709 32
853 6
259 53
270 50
967 15
603 33
441 42
581 58
793 4
945 35
847 28
213 62
752 18
614 84
705 35
258 71
442 80
667 7
471 70
461 15
520 85
410 26
688 59
799 11
625 84
125 69
349 36
435 23
166 47
845 56
416 31
266 4
847 61
225 51
635 74
877 34
885 77
352 34
896 47
353 83
66 15
109 33
447 10
320 95
742 67
24 30
1 88
799 47
646 55
171 18
16 21
804 78
225 25
887 62
39 58
366 48
817 98
908 43
301 8
109 31
105 22
488 45
190 39
743 92
236 17
865 67
111 73
244 47
266 92
977 41
259 4
836 14
707 64
26 68
970 26
424 54
788 9
459 13
468 36
665 44
780 95
357 90
710 55
237 53
557 19
516 43
369 13
999 33
532 34
345 37
170 42
640 6
523 10
820 26
501 20
972 36
49 33
634 66
176 30
486 90
391 15
808 27
462 41
146 44
367 2
391 75
114 94
736 60
544 46
967 70
639 73
853 58
868 97
847 32
129 32
964 92
365 53
904 87
339 98
70 19
315 65
333 76
287 83
91 70
826 6
975 47
709 53
450 50
549 45
899 7
849 3
951 71
62 26
536 65
611 52
95 90
894 25
357 83
25 77
93 1
599 77
889 91
458 38
996 28
696 43
233 36
216 32
342 43
37 8
922 60
164 7
490 80
326 24
519 52
723 69
836 32
659 95
328 78
552 47
250 22
210 62
918 31
245 69
743 87
858 32
959 73
561 91
546 100
298 42
349 24
845 66
973 26
469 60
705 55
590 49
730 79
86 13
736 97
442 35
814 76
314 16
750 67
899 45
409 82
291 83
462 3
23 90
58 88
133 96
694 21
748 19
90 19
770 52
994 66
794 40
340 95
143 58
530 40
141 75
955 10
226 63
424 62
387 50
375 24
170 95
2 75
793 35
422 49
113 81
749 32
286 20
740 5
853 87
744 98
596 53
47 18
361 100
598 9
300 21
432 56
436 65
625 66
978 8
847 83
16 62
101 27
668 48
492 45
429 77
165 77
875 12
647 4
883 42
115 65
941 29
864 8
811 90
490 22
629 97
664 94
422 40
353 13
439 31
126 60
768 11
198 30
764 3
542 97
375 72
305 72
947 99
940 40
284 86
775 82
746 42
516 53
979 50
574 40
848 21
883 65
959 47
915 53
731 74
980 72
869 67
213 32
725 21
686 97
983 33
547 52
907 52
718 30
663 100
622 69
493 63
361 15
595 91
648 68
189 49
636 89
254 5
11 6
54 92
478 21
276 31
996 70
552 41
592 35
715 72
859 38
506 72
634 65
958 54
90 64
420 83
417 21
955 18
442 30
180 79
501 69
703 66
859 69
787 9
524 12
997 17
892 39
568 26
615 12
818 14
214 28
501 85
877 11
466 13
268 30
900 76
61 44
348 5
78 50
362 84
331 98
703 44
700 86
374 34
88 32
596 36
483 27
919 1
530 57
125 13
184 57
928 27
952 31
883 58
12 77
434 59
111 62
716 100
906 64
926 17
288 87
951 71
942 16
397 86
987 59
281 42
766 62
586 69
371 12
989 68
58 71
11 17
979 70
910 15
288 67
248 89
242 12
460 15
732 73
987 59
65 99
395 49
395 20
622 79
897 15
922 77
309 83
857 57
963 97
742 58
770 77
813 94
539 22
445 95
390 59
511 90
158 53
992 24
952 88
183 55
267 16
203 22
639 85
641 91
663 78
187 85
706 59
167 97
587 77
380 6
57 95
169 49
458 4
380 61
885 24
909 63
930 95
971 16
32 12
989 11
547 22
906 8
388 35
68 89
701 76
619 28
941 5
185 25
888 48
704 43
904 53
205 87
348 36
441 9
324 82
862 49
466 15
926 10
243 63
129 47
319 61
536 3
779 89
303 29
192 46
698 25
712 8
95 50
514 71
156 49
942 55
46 36
957 23
783 12
438 13
897 67
247 50
665 92
649 71
14 56
228 12
984 28
450 62
845 38
436 75
900 99
840 35
743 7
728 38
193 65
95 66
482 8
609 57
989 88
443 96
16 43
58 98
269 33
344 79
821 78
126 36
479 27
884 96
994 16
680 83
242 20
42 24
479 18
668 89
516 40
410 70
246 7
379 41
783 39
687 12
119 71
903 14
567 35
894 98
314 52
178 100
14 1
179 34
906 33
774 20
33 50
972 25
965 26
898 14
940 60
405 97
480 5
978 59
460 68
267 69
596 36
842 50
16 1
347 44
451 34
566 66
346 8
264 99
801 76
621 63
102 19
117 80
285 51
17 58
279 63
855 38
136 36
523 87
320 62
13 6
36 66
857 18
256 26
421 87
686 59
799 51
728 76
419 46
437 24
715 65
455 67
744 11
86 93
42 80
462 58
451 67
938 8
16 98
944 68
784 11
913 54
69 94
438 55
841 93
212 56
939 16
419 45
135 48
305 87
236 12
358 74
70 99
111 16
308 3
890 48
824 82
795 36
303 12
502 58
395 71
686 52
483 23
664 38
974 83
100 24
909 40
723 15
850 50
489 62
221 34
499 56
917 57
930 80
310 41
412 73
426 10
717 51
236 47
717 72
313 1
344 98
21 18
832 7
989 3
939 11
58 92
526 37
444 83
548 66
212 87
942 11
353 20
151 100
62 35
981 100
888 2
517 28
472 11
350 63
246 47
708 63
437 68
324 64
232 55
409 38
815 62
236 32
732 37
711 18
379 7
582 44
466 98
744 51
140 67
683 90
749 48
626 75
379 100
909 33
538 14
353 19
255 12
34 33
177 42
364 78
749 14
180 86
213 26
416 74
130 58
940 14
154 44
437 61
69 7
185 58
738 26
29 16
857 58
451 28
54 21
564 1
513 46
640 14
786 39
511 10
701 47
585 9
898 37
870 26
762 7
243 26
272 56
920 12
204 54
908 10
634 84
266 13
860 43
266 41
964 56
281 91
490 65
366 88
485 87
985 59
967 54
357 24
931 91
996 13
666 81
152 22
63 17
362 62
160 95
510 55
650 93
48 58
32 19
75 84
690 19
311 60
562 61
72 28
882 42
300 92
893 30
568 86
785 29
580 70
125 76
725 75
382 15
178 6
455 26
188 41
439 53
952 23
20 21
647 51
297 2
961 19
344 63
319 18
756 58
212 69
592 30
497 41
292 13
991 37
45 93
73 85
661 96
929 99
78 91
840 31
711 52
252 91
745 94
393 16
97 91
968 75
382 5
655 63
271 9
418 3
196 10
371 50
213 67
229 17
420 14
168 54
655 2
512 6
66 72
324 61
905 58
282 24
23 35
419 45
971 95
910 96
219 89
279 92
875 94
15 17
857 17
254 90
266 30
104 94
444 85
242 39
178 92
502 70
302 57
187 100
258 91
76 63
356 88
419 38
977 65
714 13
441 97
636 34
44 27
446 52
878 30
886 21
274 39
5 70
345 78
722 83
221 84
775 86
776 91
472 94
912 40
760 76
161 75
875 78
397 23
293 66
705 32
520 34
941 97
746 29
43 61
556 22
73 64
409 52
59 23
758 18
121 83
403 73
260 92
345 32
572 97
86 54
752 93
619 94
480 32
505 29
31 23
91 43
350 98
255 90
713 16
577 62
605 67
371 93
210 37
917 34
2 75
894 30
142 89
938 33
220 46
225 54
260 1
141 30
396 37
994 11
315 9
107 82
199 86
993 36
296 51
76 94
628 53
683 20
321 86
986 97
820 23
555 33
260 36
105 63
640 75
423 61
13 56
336 21
915 61
781 67
817 89
822 73
403 82
56 49
126 60
291 4
238 97
410 56
42 37
913 94
56 65
71 5
32 63
398 15
31 85
535 14
618 92
839 65
263 17
182 52
168 79
176 6
871 61
711 33
468 18
831 100
449 58
421 84
464 10
367 73
97 91
914 66
819 84
381 16
753 89
825 55
119 81
159 80
7 20
858 97
724 82
706 58
198 82
546 40
104 25
862 91
725 61
376 52
414 91
834 50
212 13
302 96
451 31
464 75
839 74
891 64
199 46
127 57
174 39
84 36
124 75
943 31
915 46
699 29
691 68
639 93
397 44
677 41
803 28
906 26
514 22
992 38
322 12
295 37
937 58
86 41
872 98
282 55
968 15
790 99
532 80
965 76
441 69
673 3
529 85
559 62
218 8
577 2
236 93
389 95
666 67
9 59
616 95
207 35
60 10
170 5
876 51
595 74
995 16
919 50
540 72
954 37
928 4
351 35
811 14
518 66
202 82
608 18
654 93
257 33
31 58
549 46
837 60
633 18
60 47
379 75
457 30
592 30
390 47
956 24
855 4
145 2
794 1
963 52
983 36
88 48
64 92
440 85
469 85
836 65
657 12
910 75
673 64
160 33
274 9
324 12
219 22
977 78
739 72
410 90
324 46
502 86
326 63
100 85
682 46
390 45
473 41
304 5
256 78
395 65
56 2
970 65
796 40
418 25
403 87
875 88
985 15
501 41
681 60
818 77
554 10
165 34
362 100
644 95
195 14
868 68
774 98
434 90
196 31
229 56
534 72
98 1
638 77
520 41
143 100
175 3
335 68
212 64
454 22
823 33
459 55
446 62
285 39
284 90
868 63
113 21
428 35
557 48
551 66
594 17
275 76
228 1
605 85
49 22
570 70
206 46
29 31
921 26
206 59
830 93
245 96
514 70
353 40
607 82
33 34
401 94
883 49
532 72
935 37
762 70
596 5
78 4
912 30
11 86
787 43
667 20
104 15
991 67
217 80
575 86
971 21
734 78
544 47
613 96
169 73
917 85
51 75
657 61
224 9
136 75
923 19
615 32
471 28
231 73
902 17
321 28
404 20
504 82
935 26
703 60
149 21
652 46
840 75
446 76
305 90
221 67
100 5
232 4
388 38
921 89
918 82
730 75
48 89
382 80
501 5
711 58
806 20
802 25
248 37
801 84
371 55
136 9
138 14
28 53
209 71
972 73
470 92
931 69
666 45
37 51
412 84
469 66
319 49
835 21
742 82
121 84
347 95
184 74
6 2
833 34
611 87
299 62
237 93
543 63
488 89
632 35
416 10
482 23
681 45
425 60
640 47
963 21
752 56
562 45
830 89
390 66
694 77
651 53
139 28
878 23
204 34
274 42
384 41
987 63
825 73
557 86
82 93
117 8
726 9
897 69
388 45
875 87
93 43
245 67
847 75
84 77
643 82
277 82
849 11
431 85
362 18
74 80
131 60
353 89
536 75
328 78
857 92
422 75
712 71
749 23
67 42
995 2
757 21
542 68
292 64
85 9
760 24
76 10
587 57
354 10
200 87
483 53
289 4
772 68
474 4
258 38
260 88
196 54
377 79
432 61
353 59
821 85
344 25
905 22
431 2
318 11
339 91
827 23
561 15
17 25
838 96
49 31
282 23
367 75
536 15
820 36
468 38
706 43
429 57
846 41
906 54
9 59
24 11
418 55
549 81
495 35
391 51
613 60
326 27
998 88
314 61
132 3
805 39
214 82
777 69
276 24
421 74
587 97
600 47
764 14
48 54
623 2
253 70
995 65
973 98
678 64
377 24
577 17
409 19
596 33
942 45
924 53
942 100
486 63
713 85
425 34
24 87
617 24
807 43
198 21
174 46
674 79
548 49
341 3
748 63
222 64
712 12
808 64
181 38
798 89
400 99
151 84
22 83
329 96
484 69
412 19
57 2
595 15
960 13
818 10
835 12
563 98
86 54
453 35
136 84
74 85
467 30
819 87
277 61
556 92
561 18
349 100
572 98
591 13
364 52
366 28
355 21
621 14
9 54
338 39
682 24
715 65
235 20
376 90
940 3
261 55
414 75
990 37
244 31
771 66
298 23
178 14
547 99
617 11
566 91
936 89
62 27
693 55
21 42
573 30
612 37
18 38
717 64
719 22
546 84
541 95
831 34
910 10
656 82
708 49
839 57
11 62
163 31
431 13
471 46
126 59
678 74
714 27
201 70
986 96
322 40
175 31
413 63
911 24
372 44
122 13
495 89
787 32
913 8
870 89
537 85
310 25
834 82
726 73
52 74
218 22
198 57
295 78
227 90
178 8
997 12
507 13
595 31
66 94
609 53
921 94
831 25
807 34
879 77
220 22
363 33
438 94
478 34
594 37
206 5
537 49
609 54
854 39
607 8
273 84
434 100
150 68
682 9
646 21
994 97
231 32
833 87
227 42
8 76
996 32
876 45
942 11
868 6
371 17
401 67
13 58
255 8
604 70
302 56
157 20
824 56
523 94
683 41
670 58
294 89
867 83
400 89
810 93
583 98
789 55
516 33
580 18
939 35
979 4
636 52
663 86
215 56
405 70
623 18
931 23
161 26
183 42
277 6
974 44
566 77
443 81
703 54
289 17
279 76
954 13
52 15
361 52
508 21
785 3
935 6
463 64
783 2
482 72
981 95
714 70
217 53
317 97
799 57
4 61
94 55
82 94
891 29
322 23
741 4
71 3
256 26
585 10
840 3
564 98
546 68
978 25
580 82
589 37
968 43
517 99
261 19
193 51
382 47
517 46
202 100
519 18
238 1
762 37
434 80
190 14
111 7
217 62
486 20
553 32
193 10
223 83
489 65
206 37
991 25
713 16
913 100
432 57
243 12
434 22
140 10
838 87
818 98
735 71
823 25
502 26
505 56
192 73
432 61
251 38
487 8
879 26
930 79
984 87
479 39
799 56
370 9
868 5
993 12
374 36
536 12
978 57
232 26
512 49
128 67
301 22
110 48
45 59
92 57
181 87
51 75
385 31
515 59
896 82
348 95
546 91
480 85
578 26
93 59
512 99
698 68
527 86
26 22
495 80
286 59
202 88
588 21
353 41
546 55
804 61
149 14
768 89
810 69
35 56
860 80
127 40
838 6
758 2
246 2
439 70
334 97
189 20
454 84
499 28
319 13
905 70
990 64
994 93
653 31
690 45
958 28
127 23
533 27
394 20
322 39
415 52
225 71
399 93
831 35
579 56
185 38
91 3
210 12
730 38
930 36
438 23
896 16
473 83
28 81
24 83
523 3
917 22
320 39
865 96
292 69
11 6
801 18
129 98
358 85
580 45
358 81
798 56
864 30
495 15
304 83
274 41
809 40
545 78
984 27
14 96
667 30
367 64
649 98
8 13
125 36
268 78
747 24
76 32
302 55
423 7
431 85
738 1
790 14
854 24
960 6
469 74
19 21
501 92
630 12
879 2
780 75
496 16
625 4
531 21
350 21
693 62
624 23
197 35
341 56
344 59
656 3
173 96
463 81
807 83
869 89
203 77
190 8
883 23
291 19
283 74
663 10
446 33
958 90
140 2
536 95
999 22
85 73
698 73
815 77
782 88
982 99
924 68
681 29
895 54
447 90
618 57
750 23
562 92
450 58
722 22
589 65
108 42
390 71
335 45
594 39
479 73
849 37
803 36
422 2
992 19
57 46
422 66
996 45
400 19
538 4
302 76
983 27
718 38
16 89
66 56
922 6
653 88
45 36
492 73
31 37
569 99
411 40
487 57
711 18
230 82
451 30
793 21
634 89
232 59
350 52
277 58
651 9
2 71
694 79
397 19
738 37
367 20
925 71
534 97
458 77
305 93
553 19
276 94
866 10
500 38
246 4
88 10
765 96
235 81
227 35
418 57
547 19
113 81
884 28
102 34
61 92
194 97
643 41
574 56
856 60
839 6
632 2
444 75
575 57
328 74
780 6
705 17
142 4
987 7
273 63
192 53
108 23
7 68
585 3
11 42
341 28
413 15
642 19
297 74
539 37
51 44
148 44
314 76
969 44
70 26
254 86
681 89
125 12
714 95
683 98
580 3
828 31
200 14
69 6
712 36
12 50
634 92
948 25
173 82
857 59
363 59
33 14
412 75
219 95
561 39
738 38
327 34
538 39
703 37
238 83
649 47
777 67
248 40
663 12
439 34
426 55
385 78
919 68
256 57
532 96
463 14
569 48
837 8
185 23
394 17
836 56
238 28
878 15
534 31
1000 31
291 3
284 80
842 22
503 80
123 44
32 9
287 6
650 59
811 64
227 14
286 99
436 30
448 26
670 35
798 64
745 11
153 32
961 88
133 78
555 20
769 48
599 53
81 57
367 33
173 87
334 68
723 48
852 17
111 18
747 39
488 83
865 15
118 95
548 60
972 73
921 24
855 32
368 26
953 22
153 77
951 93
786 65
121 54
359 98
481 77
442 60
281 93
301 74
322 16
727 34
700 20
653 58
363 19
282 26
795 7
279 12
584 71
143 69
552 9
608 63
679 50
445 28
838 33
79 36
825 35
796 17
338 59
259 58
339 59
882 66
732 55
627 13
84 73
56 59
56 92
856 64
902 99
135 39
880 19
374 74
752 14
250 57
369 75
562 27
908 7
30 82
733 40
362 80
128 8
452 33
616 1
530 90
982 87
413 92
203 53
415 4
546 26
418 81
678 87
903 90
156 6
700 58
948 71
950 23
589 8
106 30
70 32
961 2
783 30
516 75
602 96
397 30
182 71
55 80
600 22
592 53
791 76
181 52
675 7
827 66
673 4
924 6
921 21
863 71
518 27
557 19
483 59
11 35
495 33
737 17
296 93
606 78
760 92
906 77
145 99
650 34
573 2
450 42
991 83
570 89
486 40
871 25
765 19
269 70
856 83
263 93
830 44
394 48
946 40
261 68
121 8
102 51
332 6
624 83
859 68
162 53
214 20
442 85
210 61
364 83
711 47
832 5
330 70
666 5
196 62
907 10
380 41
627 71
266 49
162 99
983 13
817 58
914 99
214 83
1 52
853 34
224 100
203 50
239 46
503 16
271 69
99 73
923 4
494 50
157 17
798 18
498 5
574 81
663 45
434 20
193 83
941 64
816 10
588 100
284 92
121 45
128 31
797 93
579 65
744 42
744 40
865 56
859 10
355 86
419 65
636 59
698 92
383 68
256 50
18 2
644 16
489 63
162 11
916 58
166 70
70 93
108 98
666 51
231 84
376 48
142 77
745 20
398 36
904 3
607 42
263 72
10 1
50 29
307 99
890 4
278 9
194 98
98 94
369 9
615 33
677 69
704 84
758 45
753 37
181 83
605 84
831 35
544 26
450 44
574 21
115 87
176 18
384 77
652 97
145 6
696 13
746 44
626 27
818 91
967 68
984 83
786 87
839 13
206 21
202 93
348 24
353 69
930 68
574 63
284 22
700 82
65 78
60 80
394 12
642 5
909 61
575 39
80 17
915 83
744 51
160 90
406 36
24 20
625 63
40 36
484 79
724 45
251 92
214 41
115 75
361 61
832 99
841 3
693 50
901 90
370 5
117 9
145 32
445 35
273 88
30 9
413 30
460 80
5 80
42 64
515 30
493 88
556 23
5 47
329 51
674 3
411 95
826 70
508 82
83 22
430 71
27 32
413 30
910 22
308 13
205 63
669 71
379 66
631 46
873 87
907 21
262 41
266 8
557 98
996 70
898 71
753 73
479 98
154 91
611 24
444 94
109 5
162 78
325 61
60 17
144 98
56 61
391 9
620 32
808 81
280 69
874 77
24 3
852 23
178 33
907 58
321 29
856 24
383 25
659 65
85 24
119 8
462 48
441 68
674 74
801 51
162 30
471 97
973 64
225 75
112 5
438 66
411 54
699 66
829 74
775 67
812 88
549 4
852 98
637 87
388 62
18 45
585 38
869 69
515 6
372 98
951 49
175 54
371 54
887 65
849 32
50 30
278 94
192 41
628 49
519 58
920 60
426 90
849 71
758 9
425 12
793 39
493 69
160 33
29 36
524 78
312 58
322 58
338 64
183 38
434 8
434 75
168 1
221 17
415 39
601 10
867 21
530 24
284 8
618 79
824 59
997 37
432 78
607 49
602 9
864 81
609 75
494 13
410 37
5 64
513 38
139 96
315 42
653 4
690 73
662 17
143 86
311 28
822 65
470 100
803 34
380 39
67 73
482 85
552 33
245 8
539 40
730 17
364 67
561 32
116 69
484 88
28 83
252 22
993 32
606 59
503 25
818 71
353 79
338 45
514 35
627 71
878 24
290 77
132 52
457 14
916 55
476 50
154 7
703 25
874 69
167 98
829 3
65 49
241 39
575 22
625 23
338 69
486 44
307 58
77 24
256 33
947 53
68 13
357 31
690 49
130 88
634 70
74 65
328 39
490 49
495 97
271 3
577 75
433 9
306 70
962 70
487 67
689 78
59 68
149 76
217 25
968 40
253 63
465 35
135 94
199 64
436 9
308 13
527 16
679 15
849 52
680 77
431 13
270 60
333 28
760 90
72 70
729 81
676 34
28 25
69 26
187 38
280 36
144 4
65 18
5 12
632 13
830 33
492 56
359 4
65 47
527 15
463 25
635 16
23 70
872 98
803 16
118 13
243 20
63 96
393 99
290 88
207 24
806 91
672 4
739 15
920 50
127 9
321 40
791 74
86 62
971 36
910 51
948 63
217 26
3 70
682 43
215 56
61 89
360 62
847 32
132 24
615 49
537 84
269 61
611 84
585 91
254 99
941 81
100 38
723 30
141 25
307 37
238 60
42 68
605 49
353 16
462 26
585 60
643 70
42 33
968 19
433 49
174 65
496 23
174 58
240 76
752 13
189 48
719 27
173 82
1000 20
868 46
382 79
941 44
624 89
228 72
399 38
508 11
245 96
178 47
294 40
341 6
837 74
955 82
956 38
968 42
548 40
436 86
44 15
117 61
290 98
464 40
39 87
430 56
988 10
99 33
203 36
679 57
4 40
300 18
214 82
394 47
468 82
316 94
914 40
519 76
319 73
693 52
852 94
314 53
755 49
163 98
677 51
573 74
715 88
907 87
486 69
188 94
542 21
416 25
899 99
39 23
315 29
848 25
810 60
48 72
274 79
771 59
726 13
563 75
590 51
347 4
487 59
166 89
526 38
581 16
130 7
967 19
621 12
595 47
606 25
968 66
90 64
709 12
234 13
725 85
788 18
725 76
430 23
859 37
568 69
746 95
33 48
430 43
109 59
406 65
553 23
81 83
988 39
176 97
192 64
447 34
675 84
909 94
662 16
833 6
623 47
775 4
863 84
848 89
72 16
887 61
900 99
665 65
110 55
657 41
123 30
309 78
703 57
364 68
252 27
605 57
449 34
117 59
589 59
521 54
182 27
504 64
874 59
653 79
85 65
124 34
393 65
733 73
766 24
353 17
767 18
245 26
918 70
34 70
888 1
286 6
144 12
400 51
31 93
482 52
596 37
395 96
914 48
405 16
770 9
664 49
555 3
372 4
567 44
978 78
577 82
976 22
127 59
114 11
666 26
282 92
671 98
180 11
228 34
377 83
742 25
776 39
573 30
522 54
207 42
708 33
337 70
182 97
491 71
101 56
120 23
20 48
584 34
470 10
153 66
1000 91
75 12
409 100
344 80
1000 71
196 13
36 76
543 79
554 63
775 83
266 11
864 56
998 41
669 97
293 16
820 49
807 80
972 100
565 45
710 63
870 72
561 9
540 38
536 85
953 92
7 88
372 88
607 39
666 48
200 51
216 68
447 20
550 22
396 36
389 60
151 61
168 47
53 29
257 73
515 47
266 4
446 72
18 44
512 33
698 76
840 36
101 9
473 64
990 54
783 49
341 77
890 77
233 6
369 46
902 89
127 98
481 44
678 49
68 42
487 47
197 95
396 69
819 65
343 65
50 93
447 56
655 82
703 30
190 56
949 68
255 21
742 1
284 61
643 96
263 15
843 20
632 9
375 45
368 66
836 58
219 27
909 43
745 58
454 99
830 6
365 75
68 38
827 81
905 18
288 38
838 31
486 77
121 2
466 91
809 13
298 18
277 60
777 81
580 70
999 94
897 80
517 22
100 4
738 29
827 50
829 91
871 5
634 21
696 31
122 67
585 29
290 44
557 22
775 56
143 99
343 76
467 43
475 95
929 42
568 79
315 7
887 2
469 26
727 76
283 32
385 21
834 48
564 96
798 95
836 86
405 2
871 72
561 20
539 30
179 23
417 16
100 26
610 8
977 67
105 22
968 11
874 4
551 41
909 70
5 18
542 91
640 48
878 45
150 75
568 9
286 73
103 17
442 96
297 74
108 86
256 55
823 59
238 70
859 96
830 97
53 75
527 36
198 2
741 11
240 83
764 94
207 69
166 28
366 97
329 44
843 46
644 56
107 6
103 76
832 26
948 73
584 98
119 20
497 83
952 58
355 6
952 62
207 41
925 85
582 68
626 97
719 99
387 8
690 6
138 69
44 77
972 18
382 60
481 69
68 31
172 7
368 93
56 88
502 47
125 45
351 45
193 67
112 84
328 32
309 53
301 14
692 66
509 51
292 74
196 44
206 78
409 36
159 87
375 6
604 17
474 61
708 55
643 20
895 29
89 22
851 66
75 42
825 71
153 23
76 92
454 16
844 60
428 70
307 75
843 95
659 22
779 14
747 33
471 49
332 85
872 100
523 25
984 1
918 66
168 22
723 17
913 65
311 5
940 52
897 5
949 96
313 64
749 24
547 88
512 92
27 43
261 38
271 58
54 84
479 22
967 85
757 43
7 96
851 80
627 60
246 70
172 87
915 40
906 20
601 29
64 88
105 78
116 9
421 24
190 97
991 91
504 17
400 13
50 27
195 55
866 21
617 77
97 73
109 70
619 92
143 73
127 14
72 86
364 91
276 52
34 65
513 10
470 23
998 99
404 30
755 93
614 93
64 81
614 98
937 90
272 57
225 79
652 88
6 10
242 87
863 12
401 34
347 50
864 84
180 78
13 79
278 1
12 9
501 86
166 19
305 44
235 38
276 33
486 9
882 72
70 50
583 54
626 25
696 93
29 66
958 38
574 52
68 62
61 7
544 10
14 9
309 52
575 58
354 90
532 66
847 85
25 100
391 88
467 59
323 57
100 79
567 54
895 30
912 63
28 45
900 88
683 48
128 42
20 8
545 81
349 98
473 29
147 7
654 20
909 52
240 79
642 55
220 42
982 95
35 5
926 97
590 76
540 77
422 3
537 88
897 41
477 78
500 94
630 70
463 58
931 4
591 42
662 97
955 82
529 79
773 16
202 56
37 30
670 92
93 61
474 4
496 46
896 37
610 2
37 57
422 100
944 55
881 97
527 6
190 11
655 33
905 42
369 23
83 61
429 71
728 20
386 76
739 94
134 59
811 74
102 34
58 52
581 79
130 97
477 10
284 13
12 42
478 98
890 91
700 88
89 57
861 99
753 85
444 74
495 97
163 46
776 19
477 47
763 64
800 65
950 84
142 99
390 92
420 95
548 82
857 57
10 20
309 78
901 67
191 93
502 93
950 15
675 47
433 40
63 16
221 54
298 72
73 59
522 6
932 66
162 25
471 78
11 90
786 38
955 35
880 92
835 42
653 25
374 5
275 26
545 39
171 8
148 86
894 88
534 99
340 86
188 59
903 16
65 33
666 33
370 76
934 11
692 75
172 4
410 31
381 84
253 36
728 34
138 69
177 29
200 3
555 95
474 73
831 17
63 94
529 96
875 83
461 62
851 91
676 63
265 7
378 5
778 24
829 94
682 6
705 77
769 45
469 64
862 28
889 65
376 12
575 99
824 37
545 23
553 7
527 15
435 47
552 41
281 68
886 96
562 76
593 43
202 95
597 63
459 67
64 51
467 28
879 12
859 92
428 5
201 91
977 45
199 47
203 33
962 62
174 99
253 81
405 16
993 82
924 89
278 93
242 39
812 59
838 9
199 73
30 48
600 64
810 32
576 38
945 4
155 56
156 80
352 70
79 88
880 12
630 15
453 96
77 51
43 45
351 76
37 78
133 26
995 29
229 80
247 50
822 91
808 94
251 93
764 100
875 44
347 36
790 33
599 32
328 22
34 6
881 97
145 96
541 66
690 4
653 76
523 77
845 31
238 7
723 36
278 63
890 31
192 42
728 61
807 6
808 100
540 18
915 11
968 14
593 61
720 51
190 19
258 89
543 25
527 35
251 49
632 48
532 100
840 95
961 5
59 1
461 50
761 62
401 86
412 17
224 82
88 1
490 74
611 30
277 31
837 73
775 15
349 23
182 53
640 14
64 30
76 17
324 47
123 33
440 3
298 3
192 78
317 88
418 97
463 53
833 13
402 1
259 21
470 27
155 42
130 12
921 63
864 78
659 37
162 82
843 99
680 27
601 37
301 57
519 42
171 89
647 28
35 11
445 85
105 89
617 72
412 97
280 95
894 37
698 76
65 36
55 37
99 95
898 47
484 65
530 42
327 37
562 26
98 83
740 34
410 45
179 63
264 81
417 34
824 97
329 84
416 3
426 53
454 61
149 29
371 52
524 98
106 73
257 83
7 90
255 33
320 17
948 8
361 76
317 84
444 78
330 93
40 5
524 61
850 96
65 32
185 36
78 8
201 17
279 24
264 26
529 32
351 23
219 66
486 14
61 74
791 50
684 32
152 22
542 65
446 79
32 99
657 99
573 84
516 71
153 25
836 93
256 91
603 24
253 6
301 79
827 73
27 5
801 34
233 82
454 97
419 91
681 62
555 4
611 21
277 27
822 68
640 95
942 31
214 74
279 28
824 85
939 49
988 81
8 12
473 90
614 26
974 40
561 37
114 78
995 9
40 46
572 87
683 70
107 74
903 91
359 57
189 64
390 10
793 97
998 20
23 76
356 81
373 62
870 57
318 75
365 7
845 21
137 80
372 26
670 57
293 87
180 61
148 48
204 7
284 22
37 59
217 86
770 79
219 91
456 21
177 98
665 40
966 45
274 28
695 70
181 51
963 55
484 74
48 49
353 93
826 13
966 45
398 85
154 20
929 99
423 36
491 52
118 93
928 33
660 58
326 85
286 81
172 81
265 25
283 26
809 24
614 34
683 58
763 73
798 5
678 92
853 66
933 9
683 31
833 27
32 12
139 41
720 87
476 98
438 59
176 27
756 31
634 28
256 92
297 15
924 63
982 36
802 24
417 1
877 90
200 61
239 74
989 16
749 87
62 91
617 74
980 90
303 54
406 42
750 66
279 67
118 63
493 63
342 10
259 68
135 7
885 2
9 98
43 12
621 65
716 60
514 6
735 76
87 79
213 41
269 82
639 10
711 88
751 50
856 97
21 75
206 77
753 64
672 41
87 67
178 62
594 95
318 8
839 17
363 50
532 35
363 21
108 48
38 50
818 72
788 75
497 78
910 37
479 39
63 40
98 34
625 39
32 6
867 6
742 56
858 89
524 50
866 98
864 63
846 26
649 20
570 63
218 22
292 48
868 44
766 25
336 30
830 100
271 71
764 39
366 81
680 32
800 81
323 30
35 29
423 96
312 18
254 66
374 42
505 52
81 99
396 14
28 16
727 30
348 95
380 76
447 52
748 37
656 93
955 74
754 37
795 85
247 4
363 15
988 56
343 72
58 28
844 26
397 24
781 77
25 3
872 25
898 82
141 100
948 27
39 95
789 38
918 4
753 5
95 3
977 76
781 22
471 66
143 48
828 45
244 88
777 82
790 91
854 31
185 83
620 88
439 69
511 76
309 27
18 39
877 82
677 61
880 24
654 75
774 96
533 76
865 34
911 88
290 86
705 77
243 33
346 2
322 54
213 55
414 86
591 44
762 73
880 71
982 73
292 35
734 71
128 32
510 67
810 83
540 23
847 58
858 48
744 51
89 79
116 41
79 15
68 21
560 23
450 15
975 85
968 18
213 42
883 36
829 29
109 1
661 58
736 79
810 18
536 11
797 42
142 66
410 44
169 100
572 62
477 95
368 2
644 73
142 56
84 70
377 21
123 9
612 52
713 51
6 79
968 46
961 95
102 8
475 63
125 36
189 55
399 78
530 29
218 61
396 44
24 36
425 65
466 4
809 79
261 94
422 30
343 10
612 19
892 92
412 7
217 1
638 34
965 62
547 57
101 94
429 54
485 10
888 63
72 52
369 85
834 34
179 22
141 82
137 81
421 90
744 36
758 51
824 81
547 31
475 17
895 6
347 25
473 70
765 26
589 13
435 56
301 15
73 95
464 35
165 51
179 57
988 88
521 96
451 93
562 36
525 98
343 50
103 38
606 92
5 79
300 54
842 5
147 10
188 19
407 92
444 10
896 89
138 27
11 24
290 16
791 98
416 26
444 54
612 97
465 43
612 59
365 39
754 74
27 14
156 24
685 59
273 36
394 49
664 77
340 24
420 25
481 66
245 84
793 20
822 93
267 51
531 33
58 25
818 92
167 87
25 62
221 11
389 8
301 3
862 82
229 17
300 77
400 44
138 4
32 85
790 41
70 13
588 70
262 100
322 64
756 23
490 18
53 46
222 89
644 20
809 12
27 60
121 72
805 5
960 27
57 86
303 90
34 35
298 34
207 19
480 47
568 32
953 71
834 23
564 30
747 58
316 42
442 98
61 54
18 59
844 15
515 44
363 5
579 7
241 12
646 65
298 51
419 5
698 35
82 87
223 17
242 3
299 44
437 39
286 13
547 5
28 50
472 99
399 8
125 85
592 71
978 77
483 9
270 12
687 78
495 44
919 3
601 19
245 90
702 24
405 75
305 11
432 85
122 99
89 12
257 35
186 80
651 15
123 16
138 59
690 41
487 89
72 54
130 69
222 58
416 94
366 90
779 98
733 51
218 57
331 48
140 56
574 52
901 72
128 1
123 74
358 8
990 27
967 57
594 45
892 12
989 61
537 42
198 25
191 98
706 100
266 4
891 23
782 10
298 36
396 77
670 34
803 72
110 88
478 53
834 71
787 57
450 70
663 56
430 97
260 62
623 80
943 64
353 4
251 57
271 26
26 77
996 67
822 6
284 74
604 72
609 86
287 71
391 5
904 1
77 3
836 45
859 76
239 43
29 9
596 20
12 3
702 50
15 54
302 94
312 30
384 21
552 77
223 23
166 69
30 32
792 49
577 53
534 5
962 8
473 99
590 23
697 47
860 3
772 62
248 90
437 60
539 39
150 71
932 63
692 34
709 39
48 2
1 73
425 72
898 59
339 21
587 49
615 57
790 87
716 29
105 51
263 86
942 12
527 69
439 100
534 100
19 40
835 18
662 19
892 85
330 14
261 4
808 36
846 12
977 13
728 64
968 2
197 32
320 83
377 5
411 69
215 61
885 35
154 11
797 87
373 72
388 29
362 15
413 87
457 51
377 53
230 3
883 83
72 6
398 51
141 59
567 87
94 54
237 47
346 88
572 31
761 12
146 73
870 9
542 82
33 37
29 75
259 62
349 39
888 65
814 77
799 84
855 24
254 20
747 55
71 85
803 43
98 46
744 90
91 46
302 38
700 98
970 62
100 4
324 22
636 14
838 58
271 36
153 11
299 84
230 62
329 61
984 89
16 37
108 81
899 53
971 83
18 58
191 60
926 56
35 11
225 100
414 34
21 13
107 89
301 8
400 87
195 48
765 69
217 88
786 93
918 42
938 13
704 11
291 59
130 66
11 86
965 86
743 61
169 10
304 75
985 64
566 32
467 23
159 58
133 44
574 56
875 66
148 59
460 78
405 4
567 13
908 6
25 16
802 86
256 97
998 97
106 3
485 35
159 17
671 31
746 75
113 15
267 25
640 60
948 89
814 69
592 39
68 33
921 48
51 73
499 69
251 43
5 62
592 8
736 94
743 3
666 85
331 59
250 27
820 71
999 33
830 47
496 6
794 50
874 26
71 88
495 55
619 43
955 48
87 77
438 17
527 16
262 11
802 63
657 63
351 60
771 24
939 12
934 81
688 9
862 95
555 67
902 67
64 26
25 3
65 24
661 57
813 82
655 50
697 22
788 93
407 71
508 9
388 66
705 45
83 100
703 43
598 23
703 38
89 98
402 83
78 71
861 20
644 11
343 72
603 35
75 88
241 28
15 27
973 8
716 63
118 62
739 3
103 52
218 10
819 21
320 70
692 37
963 24
4 19
734 41
185 24
970 69
849 52
677 91
667 63
961 62
215 91
372 38
581 9
901 63
780 73
12 91
510 3
359 32
912 16
184 59
875 8
72 23
126 88
282 71
470 14
142 84
224 25
240 60
470 10
111 83
654 78
531 37
433 79
185 25
818 67
443 81
236 43
573 5
221 26
791 58
463 23
981 6
788 11
859 22
90 97
918 34
861 97
915 48
88 71
395 70
984 94
87 33
417 63
281 12
961 9
47 36
323 60
812 75
386 37
256 30
15 17
699 76
150 85
602 54
371 87
407 14
342 88
647 74
391 20
930 96
138 6
747 46
849 49
653 17
777 3
887 4
9 99
945 44
181 46
693 78
803 44
192 43
286 45
534 94
378 62
179 49
389 18
844 73
257 63
756 9
425 10
621 62
369 27
960 74
69 91
922 59
43 50
779 21
999 20
260 92
165 21
278 68
892 86
40 100
897 58
510 23
904 14
796 37
576 3
56 93
268 1
266 83
372 26
776 18
185 75
603 11
129 18
615 37
855 33
427 97
983 60
347 50
859 80
494 32
275 27
830 3
369 58
872 83
262 28
329 7
593 42
792 92
524 12
593 92
837 2
197 69
459 35
28 33
103 12
950 55
78 2
792 97
699 48
656 84
261 99
269 96
733 91
79 74
80 89
929 28
395 80
202 2
91 60
730 44
976 4
257 90
945 56
968 70
326 79
906 60
220 90
803 2
827 95
485 49
220 43
983 57
282 44
821 51
897 33
453 80
257 39
891 11
935 66
151 57
528 51
646 68
248 98
273 94
926 75
98 95
232 15
400 6
678 10
385 88
558 7
879 81
752 80
355 16
249 51
487 99
309 96
193 9
721 53
261 7
776 9
881 25
679 1
719 31
553 62
797 49
784 23
417 9
867 15
499 54
582 33
772 56
673 6
539 60
118 61
524 18
967 8
355 55
773 85
497 15
841 28
754 17
257 49
145 23
800 33
174 25
763 82
484 72
523 86
753 81
338 73
164 67
628 41
954 23
957 65
509 83
246 51
330 9
831 85
977 16
942 79
568 41
478 69
734 95
925 66
579 36
956 46
7 44
857 18
172 2
769 74
394 96
831 61
127 23
691 95
491 27
824 43
72 29
220 53
127 40
678 94
226 35
945 73
484 19
709 85
783 23
839 56
427 88
306 45
980 1
495 46
953 84
43 73
192 37
767 80
764 59
188 38
592 24
854 7
397 14
88 74
696 67
215 46
625 53
116 64
476 100
830 42
928 66
563 57
713 25
844 26
623 36
80 77
587 45
324 14
874 99
807 44
496 50
542 71
875 39
819 70
670 23
596 10
366 36
582 71
888 8
201 77
559 99
342 28
857 43
612 20
455 33
162 64
410 57
597 54
830 86
695 70
909 12
424 46
36 17
115 34
286 78
121 46
340 94
452 73
555 38
376 90
238 63
380 90
84 58
519 100
861 89
286 66
367 6
389 38
108 70
912 89
227 46
57 24
699 92
1 77
780 4
873 77
77 3
288 70
116 24
977 48
34 17
135 17
153 74
795 54
654 12
912 39
587 81
579 33
787 55
940 100
386 1
562 70
965 40
38 94
588 24
577 57
197 92
91 81
237 44
518 5
983 52
176 56
243 49
940 44
713 36
645 55
845 85
681 65
110 44
482 81
601 22
308 65
1 58
84 69
367 66
759 24
296 72
572 20
967 61
597 2
95 84
46 72
949 88
293 11
959 20
610 2
170 29
627 84
10 91
247 8
892 24
212 10
258 79
778 11
954 85
981 83
857 51
139 94
818 75
471 42
997 1
343 2
642 49
236 46
5 79
393 43
442 90
335 57
399 38
501 53
172 95
330 13
811 62
122 57
157 62
116 31
623 55
587 30
449 62
258 30
295 16
404 18
450 78
721 30
190 90
887 79
716 27
536 10
627 61
574 8
695 62
688 22
181 82
810 67
963 49
71 9
492 25
881 34
193 53
392 9
541 61
234 43
784 48
628 76
602 39
623 27
612 20
101 67
23 55
219 62
180 68
945 93
826 19
117 12
277 100
404 78
680 67
738 50
270 47
950 50
718 57
482 16
162 76
23 67
706 3
49 53
182 68
189 22
477 31
734 21
670 2
53 4
327 70
418 52
789 21
979 71
322 33
893 96
545 73
160 13
507 13
117 19
627 78
188 33
826 9
406 48
205 73
961 73
415 40
832 17
865 59
492 43
63 55
411 95
828 6
873 2
507 11
417 57
973 49
561 41
172 64
42 30
800 44
579 94
456 18
913 60
771 94
599 64
56 33
874 15
769 54
684 52
754 34
693 72
432 76
856 43
256 91
223 7
765 93
803 44
268 14
187 65
742 59
521 40
247 36
599 48
892 13
60 45
9 66
128 60
213 42
595 89
204 19
723 49
290 44
920 48
331 12
964 38
37 17
455 65
798 49
396 1
232 61
7 92
331 69
630 2
550 90
420 93
912 16
138 32
923 59
885 73
476 58
415 59
277 67
401 97
512 19
972 33
718 15
52 98
396 26
377 82
30 14
745 97
85 47
764 21
43 100
194 9
501 100
583 61
905 46
806 12
230 41
419 98
474 98
780 90
280 20
861 38
249 15
685 48
845 86
594 65
314 32
718 93
999 80
220 48
669 45
705 12
475 9
857 53
559 62
893 91
969 77
893 22
451 32
52 95
420 90
89 39
656 73
854 14
396 33
5 41
982 93
648 18
178 28
121 30
927 63
933 87
469 33
289 77
198 37
450 74
477 35
481 45
146 92
662 83
771 29
309 88
463 56
696 83
837 18
647 27
558 66
456 96
681 46
107 21
34 34
657 22
320 97
84 8
68 6
785 91
830 20
907 49
769 44
170 74
979 30
902 87
461 86
649 47
698 44
437 69
913 31
618 37
917 19
965 27
998 8
589 97
750 61
909 79
571 60
720 93
796 79
246 21
885 10
884 1
921 88
365 81
461 52
596 81
628 90
357 98
762 82
722 48
572 22
423 32
349 99
13 29
743 54
171 48
493 82
162 48
798 39
59 7
963 45
564 46
359 16
914 13
692 59
187 42
82 59
96 52
876 14
891 55
966 85
671 70
655 19
652 32
471 37
595 48
243 23
824 73
876 40
804 12
207 8
320 79
662 10
492 54
392 16
626 34
412 97
644 26
967 12
582 64
496 77
726 5
634 82
157 40
114 55
566 2
183 51
317 98
107 67
183 13
332 31
340 72
671 20
327 7
644 39
96 1
199 48
111 31
528 9
257 59
470 95
664 92
602 1
978 15
204 27
302 76
262 97
860 77
55 83
980 8
448 19
181 92
975 47
543 63
531 66
266 78
360 55
353 86
182 49
556 97
862 14
856 74
508 45
155 59
435 98
119 46
342 38
978 71
122 81
416 59
991 33
501 65
331 33
120 45
857 4
924 30
233 4
192 31
812 72
160 93
112 99
513 69
546 27
90 36
207 69
315 90
232 22
266 40
76 11
349 37
810 68
463 36
435 60
237 16
801 78
164 93
530 78
226 12
396 56
408 73
378 95
438 89
588 87
283 11
297 13
393 97
793 22
639 58
601 55
586 53
685 19
666 60
127 42
415 85
348 20
14 75
718 21
77 30
212 58
486 89
560 76
214 41
962 24
157 85
561 12
607 42
512 34
418 33
490 63
110 69
343 44
868 83
993 26
831 100
649 82
615 16
661 56
958 80
336 28
522 71
835 26
741 62
978 4
874 44
812 19
845 25
538 9
688 50
327 14
591 47
227 10
221 94
603 28
816 32
741 66
89 81
738 11
75 73
774 48
442 93
454 78
382 42
363 93
5 1
639 52
570 86
835 7
247 80
455 83
843 31
759 84
406 38
992 3
794 8
45 75
73 63
719 30
95 70
464 58
789 65
45 29
938 14
332 93
794 41
977 99
507 1
482 18
881 62
533 97
344 95
180 63
187 1
330 59
332 44
932 70
587 44
323 77
879 78
400 84
762 48
744 43
828 38
30 98
777 34
17 67
527 79
220 80
224 17
582 91
526 24
740 63
965 91
147 77
568 58
844 13
963 95
684 20
592 24
760 7
533 18
428 69
951 26
485 3
430 94
23 29
593 50
655 65
392 15
688 1
261 53
21 80
837 97
714 84
134 88
780 50
643 60
156 77
510 93
368 39
641 52
403 23
517 29
871 92
108 95
815 8
885 34
241 3
615 33
583 15
277 56
335 85
548 100
666 77
744 7
500 1
273 34
160 82
961 42
75 35
790 78
810 5
904 55
813 56
302 38
347 72
43 31
314 99
719 53
963 19
506 59
20 96
429 42
636 7
243 97
149 14
516 51
384 17
822 95
627 16
970 47
593 11
905 30
63 39
676 53
594 40
149 55
699 62
582 15
212 22
486 22
560 98
236 3
361 15
230 68
918 2
5 76
806 47
199 78
170 57
297 60
284 92
124 47
428 47
280 84
188 73
299 19
694 6
917 3
340 13
913 94
287 98
593 22
317 40
154 68
524 55
872 75
388 60
661 7
263 33
784 88
280 71
704 74
606 14
228 60
56 97
856 32
291 56
995 83
951 64
216 28
262 19
681 86
336 3
162 42
94 24
308 85
297 55
153 87
697 58
247 36
887 98
473 57
800 37
462 51
18 1
770 16
974 70
139 12
868 10
139 57
471 93
119 84
52 45
618 87
851 71
483 14
21 36
134 48
603 29
574 70
245 89
842 53
251 100
562 51
917 69
786 63
621 66
913 51
215 25
994 53
190 67
944 74
2 31
675 78
632 79
719 4
108 77
22 11
527 63
706 75
630 66
966 13
57 98
338 74
25 26
636 31
738 29
75 2
193 92
522 52
909 65
698 47
387 10
701 50
605 90
67 72
298 84
763 52
394 41
574 95
395 12
351 95
171 10
807 45
931 42
288 69
93 60
920 87
555 46
395 54
946 26
275 79
651 52
492 35
511 95
379 1
514 90
983 69
832 48
319 60
203 3
85 54
918 2
688 88
564 33
552 94
114 62
255 47
974 5
683 56
916 22
195 12
422 60
22 45
735 1
620 17
865 25
648 26
554 37
65 92
329 82
469 79
996 44
739 26
173 92
540 32
686 58
828 62
59 63
271 38
290 45
413 2
835 64
410 73
945 80
30 35
579 4
680 23
138 32
593 10
196 73
884 99
546 94
983 82
756 93
735 73
425 35
967 32
952 13
605 18
317 82
215 85
539 7
951 49
528 40
541 7
753 10
816 25
385 71
535 24
512 36
773 81
676 46
46 43
910 64
742 77
817 86
27 43
102 73
1000 63
514 90
100 90
372 26
356 84
973 85
414 33
147 97
648 78
446 20
187 57
880 49
982 8
684 56
780 12
719 6
177 43
472 29
400 85
191 46
267 84
798 20
618 30
524 65
109 59
347 29
857 91
714 78
911 76
491 16
198 9
130 2
858 6
924 6
967 1
61 97
444 89
736 83
348 49
847 52
905 30
161 78
813 92
373 99
989 50
511 64
855 40
783 15
528 22
420 42
849 38
589 71
887 38
623 66
665 2
16 27
33 34
814 97
278 99
239 88
433 29
796 10
865 2
754 25
32 62
188 13
261 45
894 4
914 20
332 83
619 65
75 77
428 17
505 33
242 22
69 77
772 31
770 12
115 91
986 29
100 21
81 19
315 15
542 31
716 62
130 41
666 63
433 30
846 44
939 46
161 48
649 34
343 77
292 41
30 41
706 23
905 46
761 99
515 67
591 12
181 19
386 30
402 23
712 34
474 73
754 42
503 70
703 28
132 37
457 33
29 35
460 33
359 97
641 86
801 81
833 40
7 96
63 24
417 27
212 67
192 84
800 21
205 65
587 19
106 83
12 84
459 35
895 93
800 98
33 61
411 15
861 45
650 29
349 72
663 50
824 4
406 27
432 1
704 87
402 6
553 89
653 87
440 68
891 88
323 44
821 18
220 43
781 96
563 86
650 44
920 28
16 29
557 26
677 61
420 6
848 38
284 40
835 70
70 36
850 90
795 8
1000 71
503 72
648 10
396 45
45 14
554 94
681 81
756 49
425 34
353 18
992 16
940 28
782 90
124 41
528 80
100 68
452 18
550 63
278 97
165 29
669 90
52 28
382 96
654 7
768 97
528 100
156 38
557 48
939 6
83 29
451 69
710 52
996 10
672 13
249 32
75 27
153 31
894 100
403 18
293 33
106 16
545 68
177 89
357 39
371 92
803 30
238 93
995 61
822 91
756 51
765 65
352 45
827 43
911 71
329 1
967 83
198 35
652 67
99 6
597 65
178 49
892 58
136 49
542 56
226 88
124 92
1 38
811 75
165 15
186 77
625 99
725 92
89 67
706 7
61 37
404 64
304 59
544 55
402 30
454 88
684 57
850 35
905 51
42 19
32 12
767 4
168 42
543 61
990 68
693 7
796 69
708 2
835 79
987 16
545 37
53 39
993 34
457 90
866 41
690 12
578 41
663 7
354 7
539 9
339 67
361 62
67 30
213 57
934 14
536 67
172 51
757 73
28 84
495 55
943 99
58 51
665 87
213 76
14 73
17 68
935 73
938 10
640 46
620 80
186 50
840 49
424 63
680 94
820 88
49 5
53 6
46 68
847 85
306 46
409 78
190 92
640 78
379 56
347 11
206 42
131 24
267 20
419 20
703 30
717 36
451 39
804 87
17 79
712 3
679 1
113 47
450 48
904 36
902 33
174 80
2 21
696 82
729 78
758 43
553 96
354 41
766 69
576 69
52 51
150 30
515 43
176 35
151 2
736 78
228 48
807 21
195 44
210 84
150 36
488 67
147 6
380 60
735 97
76 85
763 81
749 2
820 25
9 97
55 47
566 66
87 66
414 8
568 29
59 17
174 71
821 38
480 61
362 72
973 55
215 2
69 95
752 86
405 87
255 63
491 80
623 70
280 95
56 14
39 89
275 35
581 6
782 73
954 82
674 82
989 71
759 66
969 17
865 5
840 69
218 41
158 2
349 3
21 49
545 18
912 3
518 42
140 90
779 50
57 43
723 81
404 3
243 2
640 74
571 54
257 29
561 71
904 81
541 17
475 45
579 59
629 33
992 49
44 14
656 62
105 4
974 21
785 30
492 45
507 50
318 10
712 44
778 2
325 7
40 83
256 6
437 28
328 32
156 61
308 36
923 33
858 35
456 31
244 14
546 86
102 99
971 70
918 21
17 15
935 20
895 27
431 25
156 30
244 3
888 88
451 78
404 49
512 57
557 80
947 38
567 14
888 53
708 98
596 65
566 32
745 41
678 57
877 28
335 12
68 83
99 41
145 30
756 16
416 25
615 45
712 5
647 92
918 63
127 95
926 38
367 80
879 5
921 30
735 57
768 3
268 4
447 43
447 63
151 54
441 47
236 51
923 50
285 73
707 88
257 71
659 37
205 67
195 79
150 93
413 97
15 46
290 11
306 65
898 35
125 71
965 21
258 39
290 12
46 94
491 50
134 84
964 94
726 85
724 1
420 52
266 42
327 93
190 68
848 12
618 83
154 40
38 88
565 84
501 53
292 26
277 46
420 32
80 17
785 6
110 17
154 71
233 85
352 45
962 31
167 61
519 54
598 15
272 77
859 40
957 16
480 50
85 8
463 55
212 7
831 31
80 88
918 88
266 55
711 59
182 70
137 17
266 82
392 64
614 89
326 19
741 32
273 75
865 74
459 49
902 36
547 16
352 80
743 46
271 99
75 6
298 66
155 77
15 70
773 54
479 100
302 63
430 40
236 13
147 68
571 97
557 71
53 42
430 96
905 84
413 69
591 16
823 10
761 92
775 14
228 86
802 52
132 46
177 24
701 66
73 7
880 95
424 52
374 9
158 41
975 99
818 75
796 11
2 18
258 40
414 6
694 97
446 86
61 59
999 94
473 53
739 82
437 4
874 57
771 61
637 31
409 15
443 75
926 46
549 9
536 59
70 70
855 67
621 99
379 36
191 92
82 31
472 7
147 99
824 3
155 83
219 53
401 40
615 38
189 76
56 33
84 43
648 51
263 64
467 25
636 97
263 37
537 76
723 53
216 66
584 44
111 63
189 20
890 8
896 3
93 8
334 56
164 3
813 61
743 54
967 97
987 4
101 32
801 1
246 27
20 90
530 10
535 55
683 7
934 22
657 85
606 98
373 75
744 82
294 46
168 23
499 98
713 75
364 37
348 27
348 10
804 73
654 80
971 52
446 38
388 100
619 87
317 29
259 43
62 18
489 51
43 72
797 31
599 16
500 32
627 75
55 80
741 2
470 24
445 19
301 35
389 70
222 75
114 19
372 85
248 64
91 55
55 65
7 67
31 37
822 4
962 56
807 29
171 100
612 24
995 14
132 79
100 93
417 35
258 61
518 40
847 8
549 39
768 40
982 18
476 31
366 8
50 82
689 48
983 59
787 94
613 67
614 38
724 52
736 56
103 68
747 2
707 5
282 9
794 37
862 91
123 19
536 17
698 30
356 17
114 19
317 90
389 7
533 7
962 29
175 26
385 58
260 23
224 34
118 87
161 72
696 79
375 90
896 24
920 90
379 41
845 85
761 4
298 80
395 89
852 65
439 17
263 25
483 71
569 88
910 44
494 74
254 69
462 45
515 58
54 3
911 94
672 1
802 89
356 25
622 87
609 69
145 3
283 64
742 41
812 44
921 17
355 31
261 72
559 18
339 83
245 55
679 76
383 71
922 51
850 30
57 19
350 31
280 3
340 3
877 60
907 93
696 10
995 88
660 59
338 35
374 67
299 28
991 32
760 37
956 54
687 19
870 23
500 96
583 51
566 77
204 70
306 79
854 17
671 26
157 56
630 3
25 57
552 89
317 96
856 39
502 93
359 12
333 47
946 62
877 80
30 59
119 30
53 42
795 26
816 24
965 11
16 96
568 57
108 72
104 74
726 93
30 46
434 19
737 78
418 4
788 77
661 71
53 81
655 62
364 36
197 5
409 43
605 61
1000 90
626 98
459 24
987 66
946 33
998 91
736 68
680 70
69 57
